ARKit Data

1
8408.979765666
normal
simd_float4x4([[0.008199322, -0.9972725, 0.07334961, 0.0], [0.9999609, 0.008416522, 0.0026525573, 0.0], [-0.0032626744, 0.07332501, 0.99730253, 0.0], [0.035992485, -0.0020400397, -0.012164941, 1.0]])
0.035992485, -0.0020400397, -0.012164941
SIMD3<Float>(-0.07339087, -0.0032714875, -1.562357)
0.00000000
CMRotationMatrix(m11: 0.0, m12: 0.0, m13: 0.0, m21: 0.0, m22: 0.0, m23: 0.0, m31: 0.0, m32: 0.0, m33: 0.0)

2
8409.196406
normal
simd_float4x4([[0.00741226, -0.997388, 0.07184849, 0.0], [0.999951, 0.007863788, 0.0060036047, 0.0], [-0.0065529244, 0.07180047, 0.9973974, 0.0], [0.03520329, -0.0017959153, -0.0125669455, 0.99999994]])
0.03520329, -0.0017959153, -0.0125669455
SIMD3<Float>(-0.0718623, -0.006569929, -1.5629121)
0.00000000
CMRotationMatrix(m11: 0.0, m12: 0.0, m13: 0.0, m21: 0.0, m22: 0.0, m23: 0.0, m31: 0.0, m32: 0.0, m33: 0.0)

3
8409.413046291
normal
simd_float4x4([[0.006375078, -0.99779904, 0.066002965, 0.0], [0.99995166, 0.0068542045, 0.0070352633, 0.0], [-0.0074721747, 0.06595493, 0.99779457, 0.0], [0.035334732, -0.0012915421, -0.011836949, 0.9999999]])
0.035334732, -0.0012915421, -0.011836949
SIMD3<Float>(-0.066002846, -0.0074885506, -1.563927)
0.00000000
CMRotationMatrix(m11: 0.0, m12: 0.0, m13: 0.0, m21: 0.0, m22: 0.0, m23: 0.0, m31: 0.0, m32: 0.0, m33: 0.0)

4
8409.629686833
normal
simd_float4x4([[0.005521121, -0.9980889, 0.06154684, 0.0], [0.9999455, 0.006054964, 0.008490618, 0.0], [-0.008847055, 0.061496627, 0.998068, 0.0], [0.035903998, -0.00087108836, -0.010688728, 1.0]])
0.035903998, -0.00087108836, -0.010688728
SIMD3<Float>(-0.061535455, -0.008863948, -1.5647298)
0.00000000
CMRotationMatrix(m11: 0.0, m12: 0.0, m13: 0.0, m21: 0.0, m22: 0.0, m23: 0.0, m31: 0.0, m32: 0.0, m33: 0.0)

5
8409.846327291
normal
simd_float4x4([[0.0035821698, -0.9982919, 0.058311623, 0.0], [0.9998055, 0.0047057495, 0.019142624, 0.0], [-0.01938433, 0.058231723, 0.9981147, 0.0], [0.039314568, 0.00069693103, -0.008260211, 1.0]])
0.039314568, 0.00069693103, -0.008260211
SIMD3<Float>(-0.058264684, -0.019418504, -1.5660826)
0.00000000
CMRotationMatrix(m11: 0.0, m12: 0.0, m13: 0.0, m21: 0.0, m22: 0.0, m23: 0.0, m31: 0.0, m32: 0.0, m33: 0.0)

6
8410.062967708
normal
simd_float4x4([[-0.00039909288, -0.99864566, 0.05202663, 0.0], [0.99859464, 0.0023591116, 0.052943043, 0.0], [-0.05299407, 0.051974654, 0.99724126, 0.0], [0.04933515, 0.0033220896, -0.0036580798, 0.99999994]])
0.04933515, 0.0033220896, -0.0036580798
SIMD3<Float>(-0.051998083, -0.053090733, -1.568434)
0.00000000
CMRotationMatrix(m11: 0.0, m12: 0.0, m13: 0.0, m21: 0.0, m22: 0.0, m23: 0.0, m31: 0.0, m32: 0.0, m33: 0.0)

7
8410.279608208
normal
simd_float4x4([[-0.005114324, -0.9987909, 0.048892953, 0.0], [0.9964375, -0.0009742362, 0.084328026, 0.0], [-0.08417843, 0.04915006, 0.9952377, 0.0], [0.05840466, 0.0044930773, 0.00077403436, 0.9999999]])
0.05840466, 0.0044930773, 0.00077403436
SIMD3<Float>(-0.049169872, -0.084380396, -1.5717717)
0.00000000
CMRotationMatrix(m11: 0.0, m12: 0.0, m13: 0.0, m21: 0.0, m22: 0.0, m23: 0.0, m31: 0.0, m32: 0.0, m33: 0.0)

8
8410.49624875
normal
simd_float4x4([[-0.0034595642, -0.9985618, 0.05350087, 0.0], [0.99291533, 0.0029243946, 0.11878763, 0.0], [-0.11877326, 0.053532794, 0.99147713, 0.0], [0.06664359, 0.0048773983, 0.0022497394, 0.99999994]])
0.06664359, 0.0048773983, 0.0022497394
SIMD3<Float>(-0.053558394, -0.11922609, -1.5678678)
0.00000000
CMRotationMatrix(m11: 0.0, m12: 0.0, m13: 0.0, m21: 0.0, m22: 0.0, m23: 0.0, m31: 0.0, m32: 0.0, m33: 0.0)

9
8410.712889208
normal
simd_float4x4([[-0.008072461, -0.99878216, 0.048670627, 0.0], [0.9898768, -0.0010845154, 0.14192434, 0.0], [-0.14169873, 0.049323615, 0.98868006, 0.0], [0.07618244, 0.0047696354, 0.0040272377, 0.9999999]])
0.07618244, 0.0047696354, 0.0040272377
SIMD3<Float>(-0.049343634, -0.14235172, -1.5718821)
0.00000000
CMRotationMatrix(m11: 0.0, m12: 0.0, m13: 0.0, m21: 0.0, m22: 0.0, m23: 0.0, m31: 0.0, m32: 0.0, m33: 0.0)

10
8410.9295295
normal
simd_float4x4([[-0.00913684, -0.99873006, 0.049546834, 0.0], [0.98816836, -0.0014317592, 0.15336594, 0.0], [-0.15310024, 0.0503619, 0.9869265, 0.0], [0.07277171, 0.0022884011, 0.0038938457, 1.0]])
0.07277171, 0.0022884011, 0.0038938457
SIMD3<Float>(-0.050383214, -0.15390159, -1.5722299)
0.00000000
CMRotationMatrix(m11: 0.0, m12: 0.0, m13: 0.0, m21: 0.0, m22: 0.0, m23: 0.0, m31: 0.0, m32: 0.0, m33: 0.0)

11
8411.14617
normal
simd_float4x4([[-0.00858116, -0.9988128, 0.047951136, 0.0], [0.98941356, -0.0015337314, 0.14511453, 0.0], [-0.14486872, 0.048688762, 0.98825216, 0.0], [0.002234227, -0.017184136, 0.0293047, 0.99999994]])
0.002234227, -0.017184136, 0.0293047
SIMD3<Float>(-0.048708018, -0.14555416, -1.5723319)
0.00000000
CMRotationMatrix(m11: 0.0, m12: 0.0, m13: 0.0, m21: 0.0, m22: 0.0, m23: 0.0, m31: 0.0, m32: 0.0, m33: 0.0)

12
8411.362810708
normal
simd_float4x4([[-0.0072428854, -0.9990607, 0.042724073, 0.0], [0.9935977, -0.002373016, 0.11295101, 0.0], [-0.112743534, 0.043268632, 0.9926815, 0.0], [-0.00095996633, -0.016206378, 0.029544549, 1.0]])
-0.00095996633, -0.016206378, 0.029544549
SIMD3<Float>(-0.043282144, -0.113090135, -1.5731716)
0.00000000
CMRotationMatrix(m11: 0.0, m12: 0.0, m13: 0.0, m21: 0.0, m22: 0.0, m23: 0.0, m31: 0.0, m32: 0.0, m33: 0.0)

13
8411.579451291
normal
simd_float4x4([[-0.007149327, -0.99908674, 0.0421252, 0.0], [0.99643856, -0.003578263, 0.08424578, 0.0], [-0.084018104, 0.04257748, 0.99555415, 0.0], [-0.006555138, -0.015626043, 0.028133323, 1.0]])
-0.006555138, -0.015626043, 0.028133323
SIMD3<Float>(-0.042590354, -0.0841938, -1.5743779)
0.00000000
CMRotationMatrix(m11: 0.0, m12: 0.0, m13: 0.0, m21: 0.0, m22: 0.0, m23: 0.0, m31: 0.0, m32: 0.0, m33: 0.0)

14
8411.796091708
normal
simd_float4x4([[-0.0053609996, -0.9991646, 0.04051175, 0.0], [0.9982692, -0.0029748566, 0.058732327, 0.0], [-0.05856276, 0.0407565, 0.99745125, 0.0], [-0.012411074, -0.015949786, 0.029113585, 1.0]])
-0.012411074, -0.015949786, 0.029113585
SIMD3<Float>(-0.040767793, -0.058645077, -1.5737736)
0.00000000
CMRotationMatrix(m11: 0.0, m12: 0.0, m13: 0.0, m21: 0.0, m22: 0.0, m23: 0.0, m31: 0.0, m32: 0.0, m33: 0.0)

15
8412.012732333
normal
simd_float4x4([[-0.006103836, -0.9991754, 0.040139295, 0.0], [0.99939615, -0.0047224206, 0.03442074, 0.0], [-0.0342028, 0.040325165, 0.998601, 0.0], [-0.010244298, -0.015972463, 0.028436894, 0.99999994]])
-0.010244298, -0.015972463, 0.028436894
SIMD3<Float>(-0.040336102, -0.034237333, -1.5755227)
0.00000000
CMRotationMatrix(m11: 0.0, m12: 0.0, m13: 0.0, m21: 0.0, m22: 0.0, m23: 0.0, m31: 0.0, m32: 0.0, m33: 0.0)

16
8412.229372875
normal
simd_float4x4([[-0.007027366, -0.99909085, 0.042048387, 0.0], [0.9999099, -0.0065399716, 0.011717646, 0.0], [-0.011431998, 0.04212695, 0.9990468, 0.0], [-0.008082602, -0.016704394, 0.028639285, 0.99999994]])
-0.008082602, -0.016704394, 0.028639285
SIMD3<Float>(-0.04213942, -0.011442405, -1.5773422)
0.00000000
CMRotationMatrix(m11: 0.0, m12: 0.0, m13: 0.0, m21: 0.0, m22: 0.0, m23: 0.0, m31: 0.0, m32: 0.0, m33: 0.0)

17
8412.4460135
normal
simd_float4x4([[-0.005091183, -0.99917495, 0.040293038, 0.0], [0.99987406, -0.0056920643, -0.014812139, 0.0], [0.015029269, 0.040212557, 0.99907804, 0.0], [-0.007773793, -0.016773755, 0.028932, 1.0000001]])
-0.007773793, -0.016773755, 0.028932
SIMD3<Float>(-0.0402234, 0.015042004, -1.576493)
0.00000000
CMRotationMatrix(m11: 0.0, m12: 0.0, m13: 0.0, m21: 0.0, m22: 0.0, m23: 0.0, m31: 0.0, m32: 0.0, m33: 0.0)

18
8412.662654291
normal
simd_float4x4([[-0.0034513501, -0.9992834, 0.037693996, 0.0], [0.9992298, -0.0049196016, -0.03892884, 0.0], [0.039086383, 0.037530612, 0.9985308, 0.0], [-0.00818089, -0.016032986, 0.030052124, 1.0]])
-0.00818089, -0.016032986, 0.030052124
SIMD3<Float>(-0.03753943, 0.03912392, -1.5757195)
0.00000000
CMRotationMatrix(m11: 0.0, m12: 0.0, m13: 0.0, m21: 0.0, m22: 0.0, m23: 0.0, m31: 0.0, m32: 0.0, m33: 0.0)

19
8412.879294708
normal
simd_float4x4([[-0.0035575693, -0.9991927, 0.040014133, 0.0], [0.9979176, -0.006124281, -0.06420666, 0.0], [0.06439989, 0.039702404, 0.9971339, 0.0], [-0.009497344, -0.016789228, 0.030428724, 1.0]])
-0.009497344, -0.016789228, 0.030428724
SIMD3<Float>(-0.039712843, 0.06449542, -1.5769255)
0.00000000
CMRotationMatrix(m11: 0.0, m12: 0.0, m13: 0.0, m21: 0.0, m22: 0.0, m23: 0.0, m31: 0.0, m32: 0.0, m33: 0.0)

20
8413.095935416
normal
simd_float4x4([[-0.002069287, -0.9992514, 0.03863026, 0.0], [0.99604374, -0.005491482, -0.08869395, 0.0], [0.0888397, 0.038293898, 0.99530953, 0.0], [-0.011497792, -0.016162522, 0.031629346, 1.0]])
-0.011497792, -0.016162522, 0.031629346
SIMD3<Float>(-0.038303263, 0.08902245, -1.5762919)
0.00000000
CMRotationMatrix(m11: 0.0, m12: 0.0, m13: 0.0, m21: 0.0, m22: 0.0, m23: 0.0, m31: 0.0, m32: 0.0, m33: 0.0)

21
8413.312576
normal
simd_float4x4([[-0.00071800547, -0.9993774, 0.035272326, 0.0], [0.99420875, -0.0045038676, -0.10737073, 0.0], [0.10746275, 0.03499097, 0.9935931, 0.0], [-0.013190151, -0.016166, 0.032260206, 0.99999994]])
-0.013190151, -0.016166, 0.032260206
SIMD3<Float>(-0.034998115, 0.10773691, -1.575303)
0.00000000
CMRotationMatrix(m11: 0.0, m12: 0.0, m13: 0.0, m21: 0.0, m22: 0.0, m23: 0.0, m31: 0.0, m32: 0.0, m33: 0.0)

22
8413.529216708
normal
simd_float4x4([[0.0026834784, -0.9989986, 0.04466134, 0.0], [0.99122846, -0.0032439122, -0.13211882, 0.0], [0.1321314, 0.044624127, 0.99022716, 0.0], [-0.01888594, -0.01817655, 0.03037818, 1.0]])
-0.01888594, -0.01817655, 0.03037818
SIMD3<Float>(-0.04463895, 0.13265185, -1.5740435)
0.00000000
CMRotationMatrix(m11: 0.0, m12: 0.0, m13: 0.0, m21: 0.0, m22: 0.0, m23: 0.0, m31: 0.0, m32: 0.0, m33: 0.0)

23
8413.745857416
normal
simd_float4x4([[0.005452741, -0.9988917, 0.046748478, 0.0], [0.9865554, -0.0022622875, -0.16341092, 0.0], [0.16333558, 0.047011003, 0.9854497, 0.0], [-0.025614649, -0.018732794, 0.030493585, 0.9999999]])
-0.025614649, -0.018732794, 0.030493585
SIMD3<Float>(-0.047028337, 0.16425398, -1.5730611)
0.00000000
CMRotationMatrix(m11: 0.0, m12: 0.0, m13: 0.0, m21: 0.0, m22: 0.0, m23: 0.0, m31: 0.0, m32: 0.0, m33: 0.0)

24
8413.962498125
normal
simd_float4x4([[0.0071150395, -0.99865705, 0.051317483, 0.0], [0.98079824, -0.0030325982, -0.19500068, 0.0], [0.19489442, 0.051719546, 0.9794596, 0.0], [-0.031188862, -0.020087823, 0.030566765, 0.99999994]])
-0.031188862, -0.020087823, 0.030566765
SIMD3<Float>(-0.051742632, 0.19641612, -1.573833)
0.00000000
CMRotationMatrix(m11: 0.0, m12: 0.0, m13: 0.0, m21: 0.0, m22: 0.0, m23: 0.0, m31: 0.0, m32: 0.0, m33: 0.0)

25
8414.179138875
normal
simd_float4x4([[0.012264709, -0.99789196, 0.063726366, 0.0], [0.9755004, -0.0020590804, -0.21998695, 0.0], [0.21965446, 0.06486318, 0.97341883, 0.0], [-0.034466747, -0.022185579, 0.029581202, 0.9999999]])
-0.034466747, -0.022185579, 0.029581202
SIMD3<Float>(-0.06490875, 0.22193548, -1.5728598)
0.00000000
CMRotationMatrix(m11: 0.0, m12: 0.0, m13: 0.0, m21: 0.0, m22: 0.0, m23: 0.0, m31: 0.0, m32: 0.0, m33: 0.0)

26
8414.395779583
normal
simd_float4x4([[0.017165197, -0.9967922, 0.07817089, 0.0], [0.97405005, -0.0009758082, -0.22633028, 0.0], [0.22568052, 0.08002737, 0.9709087, 0.0], [-0.035980765, -0.023528654, 0.028463269, 0.99999994]])
-0.035980765, -0.023528654, 0.028463269
SIMD3<Float>(-0.08011304, 0.228387, -1.5717753)
0.00000000
CMRotationMatrix(m11: 0.0, m12: 0.0, m13: 0.0, m21: 0.0, m22: 0.0, m23: 0.0, m31: 0.0, m32: 0.0, m33: 0.0)

27
8414.61242025
normal
simd_float4x4([[0.022657562, -0.99520886, 0.09511005, 0.0], [0.97589743, 0.0013625959, -0.21822499, 0.0], [0.21704984, 0.097762115, 0.9712527, 0.0], [-0.036913157, -0.02511773, 0.026292028, 1.0]])
-0.036913157, -0.02511773, 0.026292028
SIMD3<Float>(-0.09791852, 0.21986161, -1.5694271)
0.00000000
CMRotationMatrix(m11: 0.0, m12: 0.0, m13: 0.0, m21: 0.0, m22: 0.0, m23: 0.0, m31: 0.0, m32: 0.0, m33: 0.0)

28
8414.829061125
normal
simd_float4x4([[0.025481189, -0.9949371, 0.09721527, 0.0], [0.97861403, 0.0049696267, -0.2056445, 0.0], [0.20412022, 0.100376315, 0.9737861, 0.0], [-0.03760152, -0.02548626, 0.023591349, 1.0]])
-0.03760152, -0.02548626, 0.023591349
SIMD3<Float>(-0.10054564, 0.20662346, -1.5658015)
0.00000000
CMRotationMatrix(m11: 0.0, m12: 0.0, m13: 0.0, m21: 0.0, m22: 0.0, m23: 0.0, m31: 0.0, m32: 0.0, m33: 0.0)

29
8415.04570175
normal
simd_float4x4([[0.024085851, -0.9949326, 0.09761719, 0.0], [0.9836915, 0.0061769206, -0.17975757, 0.0], [0.17824368, 0.10035482, 0.97885543, 0.0], [-0.033724073, -0.023957888, 0.021556754, 1.0]])
-0.033724073, -0.023957888, 0.021556754
SIMD3<Float>(-0.10052404, 0.18012047, -1.5645881)
0.00000000
CMRotationMatrix(m11: 0.0, m12: 0.0, m13: 0.0, m21: 0.0, m22: 0.0, m23: 0.0, m31: 0.0, m32: 0.0, m33: 0.0)

30
8415.262342666
normal
simd_float4x4([[0.020676216, -0.9948632, 0.09909445, 0.0], [0.9881687, 0.0052695, -0.15327962, 0.0], [0.15197009, 0.101091295, 0.9832017, 0.0], [-0.029611463, -0.022951227, 0.020932948, 1.0]])
-0.029611463, -0.022951227, 0.020932948
SIMD3<Float>(-0.101264276, 0.15335299, -1.5654997)
0.00000000
CMRotationMatrix(m11: 0.0, m12: 0.0, m13: 0.0, m21: 0.0, m22: 0.0, m23: 0.0, m31: 0.0, m32: 0.0, m33: 0.0)

31
8415.478983375
normal
simd_float4x4([[0.015896775, -0.99566156, 0.09168069, 0.0], [0.99023354, 0.0029753775, -0.13938649, 0.0], [0.13850898, 0.093001105, 0.98598474, 0.0], [-0.026190348, -0.020773502, 0.020770876, 1.0]])
-0.026190348, -0.020773502, 0.020770876
SIMD3<Float>(-0.09313569, 0.13956453, -1.567808)
0.00000000
CMRotationMatrix(m11: 0.0, m12: 0.0, m13: 0.0, m21: 0.0, m22: 0.0, m23: 0.0, m31: 0.0, m32: 0.0, m33: 0.0)

32
8415.695624375
normal
simd_float4x4([[0.010471919, -0.99593604, 0.08945306, 0.0], [0.99117744, -0.0014819595, -0.13253282, 0.0], [0.13212676, 0.09005175, 0.9871338, 0.0], [-0.025737122, -0.01972009, 0.019604359, 1.0]])
-0.025737122, -0.01972009, 0.019604359
SIMD3<Float>(-0.09017391, 0.13305806, -1.5722843)
0.00000000
CMRotationMatrix(m11: 0.0, m12: 0.0, m13: 0.0, m21: 0.0, m22: 0.0, m23: 0.0, m31: 0.0, m32: 0.0, m33: 0.0)

33
8415.912265083
normal
simd_float4x4([[0.0056289686, -0.9967387, 0.08050031, 0.0], [0.9919524, -0.004616819, -0.1265266, 0.0], [0.1264856, 0.0805647, 0.9886914, 0.0], [-0.025342839, -0.01884196, 0.020828852, 1.0]])
-0.025342839, -0.01884196, 0.020828852
SIMD3<Float>(-0.08065211, 0.12724116, -1.5754282)
0.00000000
CMRotationMatrix(m11: 0.0, m12: 0.0, m13: 0.0, m21: 0.0, m22: 0.0, m23: 0.0, m31: 0.0, m32: 0.0, m33: 0.0)

34
8416.128905958
normal
simd_float4x4([[0.0063430825, -0.99737805, 0.07208852, 0.0], [0.99284273, -0.0023161871, -0.11940594, 0.0], [0.11925984, 0.072329976, 0.9902249, 0.0], [-0.026527757, -0.018685853, 0.020576898, 1.0]])
-0.026527757, -0.018685853, 0.020576898
SIMD3<Float>(-0.072393194, 0.11985983, -1.5731186)
0.00000000
CMRotationMatrix(m11: 0.0, m12: 0.0, m13: 0.0, m21: 0.0, m22: 0.0, m23: 0.0, m31: 0.0, m32: 0.0, m33: 0.0)

35
8416.345546708
normal
simd_float4x4([[0.0072928634, -0.99787277, 0.06478198, 0.0], [0.9930377, -0.0003897343, -0.11779501, 0.0], [0.11756969, 0.06519002, 0.9909225, 0.0], [-0.026462628, -0.016411243, 0.021757025, 1.0]])
-0.026462628, -0.016411243, 0.021757025
SIMD3<Float>(-0.06523628, 0.11809463, -1.5711869)
0.00000000
CMRotationMatrix(m11: 0.0, m12: 0.0, m13: 0.0, m21: 0.0, m22: 0.0, m23: 0.0, m31: 0.0, m32: 0.0, m33: 0.0)

36
8416.562187583
normal
simd_float4x4([[0.0085991705, -0.99794185, 0.063546136, 0.0], [0.9933424, 0.0012244605, -0.11519158, 0.0], [0.114876695, 0.06411364, 0.9913085, 0.0], [-0.026333777, -0.014910426, 0.022299156, 1.0]])
-0.026333777, -0.014910426, 0.022299156
SIMD3<Float>(-0.06415764, 0.115369305, -1.5695693)
0.00000000
CMRotationMatrix(m11: 0.0, m12: 0.0, m13: 0.0, m21: 0.0, m22: 0.0, m23: 0.0, m31: 0.0, m32: 0.0, m33: 0.0)

37
8416.778828416
normal
simd_float4x4([[0.0045226323, -0.99844503, 0.055560946, 0.0], [0.99366295, -0.0017530373, -0.1123862, 0.0], [0.112308845, 0.055717144, 0.9921099, 0.0], [-0.025786296, -0.013427085, 0.022721115, 0.99999994]])
-0.025786296, -0.013427085, 0.022721115
SIMD3<Float>(-0.05574601, 0.11272216, -1.5725521)
0.00000000
CMRotationMatrix(m11: 0.0, m12: 0.0, m13: 0.0, m21: 0.0, m22: 0.0, m23: 0.0, m31: 0.0, m32: 0.0, m33: 0.0)

38
8416.995469416
normal
simd_float4x4([[0.0044056172, -0.99885434, 0.047650535, 0.0], [0.9942753, -0.0007116872, -0.10684598, 0.0], [0.106757484, 0.047848474, 0.993133, 0.0], [-0.025575936, -0.010923444, 0.023303112, 0.99999994]])
-0.025575936, -0.010923444, 0.023303112
SIMD3<Float>(-0.04786675, 0.10708445, -1.5715089)
0.00000000
CMRotationMatrix(m11: 0.0, m12: 0.0, m13: 0.0, m21: 0.0, m22: 0.0, m23: 0.0, m31: 0.0, m32: 0.0, m33: 0.0)

39
8417.212110333
normal
simd_float4x4([[0.0022527124, -0.99927866, 0.037909638, 0.0], [0.99460125, -0.0016940316, -0.10375618, 0.0], [0.10374556, 0.037938714, 0.9938799, 0.0], [-0.025079396, -0.009301584, 0.023555506, 1.0]])
-0.025079396, -0.009301584, 0.023555506
SIMD3<Float>(-0.037947822, 0.10400773, -1.5724915)
0.00000000
CMRotationMatrix(m11: 0.0, m12: 0.0, m13: 0.0, m21: 0.0, m22: 0.0, m23: 0.0, m31: 0.0, m32: 0.0, m33: 0.0)

40
8417.428751083
normal
simd_float4x4([[-0.0011366915, -0.9992868, 0.03774433, 0.0], [0.994954, -0.0049168477, -0.10021067, 0.0], [0.10032477, 0.037439965, 0.99425, 0.0], [-0.02488399, -0.008804131, 0.025259996, 1.0]])
-0.02488399, -0.008804131, 0.025259996
SIMD3<Float>(-0.037448715, 0.10056459, -1.5757166)
0.00000000
CMRotationMatrix(m11: 0.0, m12: 0.0, m13: 0.0, m21: 0.0, m22: 0.0, m23: 0.0, m31: 0.0, m32: 0.0, m33: 0.0)

41
8417.645392083
normal
simd_float4x4([[-0.0017833251, -0.99915004, 0.041182403, 0.0], [0.99543107, -0.005705169, -0.09531114, 0.0], [0.09546508, 0.04082428, 0.9945952, 0.0], [-0.024533287, -0.0059355386, 0.026348071, 1.0]])
-0.024533287, -0.0059355386, 0.026348071
SIMD3<Float>(-0.040835626, 0.095690705, -1.5765063)
0.00000000
CMRotationMatrix(m11: 0.0, m12: 0.0, m13: 0.0, m21: 0.0, m22: 0.0, m23: 0.0, m31: 0.0, m32: 0.0, m33: 0.0)

42
8417.862032958
normal
simd_float4x4([[0.00059296296, -0.99900633, 0.044563692, 0.0], [0.99604017, -0.0033717635, -0.08883976, 0.0], [0.08890174, 0.04443991, 0.9950485, 0.0], [-0.024820002, -0.0062229084, 0.022109829, 1.0000001]])
-0.024820002, -0.0062229084, 0.022109829
SIMD3<Float>(-0.044454552, 0.089107536, -1.5741714)
0.00000000
CMRotationMatrix(m11: 0.0, m12: 0.0, m13: 0.0, m21: 0.0, m22: 0.0, m23: 0.0, m31: 0.0, m32: 0.0, m33: 0.0)

43
8418.078673833
normal
simd_float4x4([[-0.0011591767, -0.99956113, 0.029602602, 0.0], [0.9964234, -0.0036557175, -0.08442101, 0.0], [0.08449217, 0.029398872, 0.9959903, 0.0], [-0.024944345, -0.004702054, 0.025156984, 1.0]])
-0.024944345, -0.004702054, 0.025156984
SIMD3<Float>(-0.029403107, 0.0846297, -1.5744536)
0.00000000
CMRotationMatrix(m11: 0.0, m12: 0.0, m13: 0.0, m21: 0.0, m22: 0.0, m23: 0.0, m31: 0.0, m32: 0.0, m33: 0.0)

44
8418.295314583
normal
simd_float4x4([[-0.0020006993, -0.99950343, 0.031445205, 0.0], [0.996561, -0.0045976853, -0.08273385, 0.0], [0.08283734, 0.031171544, 0.9960754, 0.0], [-0.024602242, -0.0051291706, 0.02322014, 1.0000001]])
-0.024602242, -0.0051291706, 0.02322014
SIMD3<Float>(-0.031176593, 0.082972795, -1.5753963)
0.00000000
CMRotationMatrix(m11: 0.0, m12: 0.0, m13: 0.0, m21: 0.0, m22: 0.0, m23: 0.0, m31: 0.0, m32: 0.0, m33: 0.0)

45
8418.51195575
normal
simd_float4x4([[-0.002838019, -0.99946594, 0.032554425, 0.0], [0.9965135, -0.0055411495, -0.083247215, 0.0], [0.08338314, 0.03220467, 0.99599695, 0.0], [-0.024735365, -0.004465909, 0.021265287, 0.99999994]])
-0.024735365, -0.004465909, 0.021265287
SIMD3<Float>(-0.03221024, 0.083523504, -1.5763404)
0.00000000
CMRotationMatrix(m11: 0.0, m12: 0.0, m13: 0.0, m21: 0.0, m22: 0.0, m23: 0.0, m31: 0.0, m32: 0.0, m33: 0.0)

46
8418.728596666
normal
simd_float4x4([[-0.0025469384, -0.99953073, 0.030525222, 0.0], [0.9965432, -0.0050716433, -0.08291923, 0.0], [0.08303514, 0.030208519, 0.99608856, 0.0], [-0.0257659, 0.00050445646, 0.019998373, 1.0]])
-0.0257659, 0.00050445646, 0.019998373
SIMD3<Float>(-0.030213116, 0.08316891, -1.5758703)
0.00000000
CMRotationMatrix(m11: 0.0, m12: 0.0, m13: 0.0, m21: 0.0, m22: 0.0, m23: 0.0, m31: 0.0, m32: 0.0, m33: 0.0)

47
8418.945237541
normal
simd_float4x4([[0.00024803512, -0.9993142, 0.037025757, 0.0], [0.99696034, -0.0026375153, -0.07786438, 0.0], [0.07790864, 0.03693253, 0.996276, 0.0], [-0.02570826, -0.00038510075, 0.017770205, 0.9999999]])
-0.02570826, -0.00038510075, 0.017770205
SIMD3<Float>(-0.036940932, 0.07804104, -1.5734357)
0.00000000
CMRotationMatrix(m11: 0.0, m12: 0.0, m13: 0.0, m21: 0.0, m22: 0.0, m23: 0.0, m31: 0.0, m32: 0.0, m33: 0.0)

48
8419.161878583
normal
simd_float4x4([[0.002790477, -0.9989671, 0.045352865, 0.0], [0.9974692, -0.000441506, -0.07109727, 0.0], [0.07104386, 0.045436487, 0.9964377, 0.0], [-0.025669077, -0.00022265817, 0.01648061, 0.99999994]])
-0.025669077, -0.00022265817, 0.01648061
SIMD3<Float>(-0.045452137, 0.07117739, -1.5712383)
0.00000000
CMRotationMatrix(m11: 0.0, m12: 0.0, m13: 0.0, m21: 0.0, m22: 0.0, m23: 0.0, m31: 0.0, m32: 0.0, m33: 0.0)

49
8419.378519458
normal
simd_float4x4([[0.00424823, -0.99853575, 0.05392797, 0.0], [0.99859923, 0.0013919697, -0.05289181, 0.0], [0.0527393, 0.05407713, 0.99714303, 0.0], [-0.024662001, -0.0013085864, 0.014008574, 1.0]])
-0.024662001, -0.0013085864, 0.014008574
SIMD3<Float>(-0.05410352, 0.05284117, -1.5694023)
0.00000000
CMRotationMatrix(m11: 0.0, m12: 0.0, m13: 0.0, m21: 0.0, m22: 0.0, m23: 0.0, m31: 0.0, m32: 0.0, m33: 0.0)

50
8419.595160541
normal
simd_float4x4([[0.0026231713, -0.9983946, 0.056580484, 0.0], [0.99920887, 0.000371636, -0.039767366, 0.0], [0.039682496, 0.056640044, 0.9976057, 0.0], [-0.023185462, -0.0010539666, 0.013323145, 1.0]])
-0.023185462, -0.0010539666, 0.013323145
SIMD3<Float>(-0.05667037, 0.03975678, -1.5704241)
0.00000000
CMRotationMatrix(m11: 0.0, m12: 0.0, m13: 0.0, m21: 0.0, m22: 0.0, m23: 0.0, m31: 0.0, m32: 0.0, m33: 0.0)

51
8419.811801458
normal
simd_float4x4([[0.0027954418, -0.99835604, 0.057247955, 0.0], [0.9996131, 0.0012055864, -0.027787123, 0.0], [0.027672427, 0.057303485, 0.9979732, 0.0], [-0.022086093, -0.00011564419, 0.017052544, 1.0]])
-0.022086093, -0.00011564419, 0.017052544
SIMD3<Float>(-0.057334892, 0.027721524, -1.5695888)
0.00000000
CMRotationMatrix(m11: 0.0, m12: 0.0, m13: 0.0, m21: 0.0, m22: 0.0, m23: 0.0, m31: 0.0, m32: 0.0, m33: 0.0)

52
8420.028442416
normal
simd_float4x4([[0.0050837696, -0.9981382, 0.06078007, 0.0], [0.9998112, 0.00393371, -0.019026373, 0.0], [0.018751858, 0.060865324, 0.99796975, 0.0], [-0.020889966, 0.00041846427, 0.012371287, 0.99999994]])
-0.020889966, 0.00041846427, 0.012371287
SIMD3<Float>(-0.060902968, 0.018787796, -1.5668553)
0.00000000
CMRotationMatrix(m11: 0.0, m12: 0.0, m13: 0.0, m21: 0.0, m22: 0.0, m23: 0.0, m31: 0.0, m32: 0.0, m33: 0.0)

53
8420.245083333
normal
simd_float4x4([[0.007804359, -0.99798316, 0.062997475, 0.0], [0.99976003, 0.006497849, -0.020917408, 0.0], [0.020465873, 0.063145615, 0.99779433, 0.0], [-0.021750713, 0.0010854341, 0.011919735, 1.0]])
-0.021750713, 0.0010854341, 0.011919735
SIMD3<Float>(-0.06318765, 0.020508239, -1.5642854)
0.00000000
CMRotationMatrix(m11: 0.0, m12: 0.0, m13: 0.0, m21: 0.0, m22: 0.0, m23: 0.0, m31: 0.0, m32: 0.0, m33: 0.0)

54
8420.461724333
normal
simd_float4x4([[0.006791819, -0.99795717, 0.063524, 0.0], [0.9996632, 0.005185051, -0.02542461, 0.0], [0.025043298, 0.0636753, 0.9976563, 0.0], [-0.02263747, 0.00084594, 0.011564449, 0.9999999]])
-0.02263747, 0.00084594, 0.011564449
SIMD3<Float>(-0.06371841, 0.02509686, -1.5656008)
0.00000000
CMRotationMatrix(m11: 0.0, m12: 0.0, m13: 0.0, m21: 0.0, m22: 0.0, m23: 0.0, m31: 0.0, m32: 0.0, m33: 0.0)

55
8420.678365458
normal
simd_float4x4([[0.006717448, -0.99765444, 0.0681212, 0.0], [0.99963045, 0.004905232, -0.026735287, 0.0], [0.026338428, 0.06827562, 0.9973187, 0.0], [-0.022750719, 0.0005492568, 0.009626772, 1.0]])
-0.022750719, 0.0005492568, 0.009626772
SIMD3<Float>(-0.06832878, 0.026403103, -1.5658796)
0.00000000
CMRotationMatrix(m11: 0.0, m12: 0.0, m13: 0.0, m21: 0.0, m22: 0.0, m23: 0.0, m31: 0.0, m32: 0.0, m33: 0.0)
