ARKit Data

1
11484.151348
normal
simd_float4x4([[0.018752225, -0.96777725, 0.25110856, 0.0], [0.99946135, 0.011379361, -0.030781258, 0.0], [0.026931947, 0.2515505, 0.96746933, 0.0], [-0.011063674, 0.0042247474, -0.00066231884, 1.0]])
-0.011063674, 0.0042247474, -0.00066231884
SIMD3<Float>(-0.25428194, 0.027830333, -1.5590386)
0.00000000
CMRotationMatrix(m11: 0.0, m12: 0.0, m13: 0.0, m21: 0.0, m22: 0.0, m23: 0.0, m31: 0.0, m32: 0.0, m33: 0.0)

2
11485.167894708
normal
simd_float4x4([[0.011673027, -0.9721531, 0.23405583, 0.0], [0.9998328, 0.00805347, -0.016414331, 0.0], [0.014072281, 0.2342083, 0.97208464, 0.0], [-0.011733796, 0.011397786, -0.00048409225, 1.0]])
-0.011733796, 0.011397786, -0.00048409225
SIMD3<Float>(-0.23640414, 0.014475384, -1.5625124)
0.00000000
CMRotationMatrix(m11: 0.0, m12: 0.0, m13: 0.0, m21: 0.0, m22: 0.0, m23: 0.0, m31: 0.0, m32: 0.0, m33: 0.0)

3
11486.184441416
normal
simd_float4x4([[-0.042380378, -0.97226954, 0.22999112, 0.0], [0.99743354, -0.027876975, 0.065948956, 0.0], [-0.057708696, 0.2321958, 0.9709556, 0.0], [-0.03116023, 0.0010194853, 0.00054573064, 1.0]])
-0.03116023, 0.0010194853, 0.00054573064
SIMD3<Float>(-0.23433457, -0.059365112, -1.5994605)
0.00000000
CMRotationMatrix(m11: 0.0, m12: 0.0, m13: 0.0, m21: 0.0, m22: 0.0, m23: 0.0, m31: 0.0, m32: 0.0, m33: 0.0)

4
11487.200988375
normal
simd_float4x4([[-0.006577863, -0.9764486, 0.21564993, 0.0], [0.9998809, -0.009433713, -0.012216361, 0.0], [0.013963025, 0.21554385, 0.9763943, 0.0], [0.20628943, 0.0038071151, 0.035829898, 1.0000001]])
0.20628943, 0.0038071151, 0.035829898
SIMD3<Float>(-0.21724874, 0.014299626, -1.5804573)
0.00000000
CMRotationMatrix(m11: 0.0, m12: 0.0, m13: 0.0, m21: 0.0, m22: 0.0, m23: 0.0, m31: 0.0, m32: 0.0, m33: 0.0)

5
11488.21753525
normal
simd_float4x4([[-0.016071344, -0.97961, 0.20026456, 0.0], [0.99859345, -0.025846723, -0.04629362, 0.0], [0.05052588, 0.19923885, 0.97864753, 0.0], [0.19955255, 0.0039546825, 0.029383374, 1.0]])
0.19955255, 0.0039546825, 0.029383374
SIMD3<Float>(-0.20058113, 0.051582474, -1.5971749)
0.00000000
CMRotationMatrix(m11: 0.0, m12: 0.0, m13: 0.0, m21: 0.0, m22: 0.0, m23: 0.0, m31: 0.0, m32: 0.0, m33: 0.0)

6
11489.234082125
normal
simd_float4x4([[0.026580883, -0.9844382, 0.17370944, 0.0], [0.9743856, -0.013302994, -0.22448982, 0.0], [0.2233072, 0.17522712, 0.9588688, 0.0], [0.28482923, 0.00678451, 0.03918952, 1.0]])
0.28482923, 0.00678451, 0.03918952
SIMD3<Float>(-0.17613645, 0.22880775, -1.5843087)
0.00000000
CMRotationMatrix(m11: 0.0, m12: 0.0, m13: 0.0, m21: 0.0, m22: 0.0, m23: 0.0, m31: 0.0, m32: 0.0, m33: 0.0)

7
11490.250629375
normal
simd_float4x4([[0.045448434, -0.9899963, 0.13357267, 0.0], [0.9883121, 0.025083322, -0.15036641, 0.0], [0.14551175, 0.13884538, 0.9795653, 0.0], [0.30251008, -0.0115946885, 0.04335029, 1.0]])
0.30251008, -0.0115946885, 0.04335029
SIMD3<Float>(-0.13929541, 0.14746888, -1.545465)
0.00000000
CMRotationMatrix(m11: 0.0, m12: 0.0, m13: 0.0, m21: 0.0, m22: 0.0, m23: 0.0, m31: 0.0, m32: 0.0, m33: 0.0)

8
11491.267176791
normal
simd_float4x4([[-0.006716823, -0.9899987, 0.14091635, 0.0], [0.9983748, -0.014614093, -0.055082504, 0.0], [0.05659098, 0.14031735, 0.9884879, 0.0], [0.13129441, -0.016272604, 0.046038188, 0.9999999]])
0.13129441, -0.016272604, 0.046038188
SIMD3<Float>(-0.14078192, 0.057187624, -1.585557)
0.00000000
CMRotationMatrix(m11: 0.0, m12: 0.0, m13: 0.0, m21: 0.0, m22: 0.0, m23: 0.0, m31: 0.0, m32: 0.0, m33: 0.0)

9
11492.283724041
normal
simd_float4x4([[0.004924334, -0.98958766, 0.14384705, 0.0], [0.9939442, -0.010947558, -0.109338954, 0.0], [0.10977524, 0.14351435, 0.9835411, 0.0], [0.10825271, -0.0029563233, 0.05481593, 1.0]])
0.10825271, -0.0029563233, 0.05481593
SIMD3<Float>(-0.14401162, 0.11115223, -1.5818586)
0.00000000
CMRotationMatrix(m11: 0.0, m12: 0.0, m13: 0.0, m21: 0.0, m22: 0.0, m23: 0.0, m31: 0.0, m32: 0.0, m33: 0.0)

10
11493.3002715
normal
simd_float4x4([[0.0121503705, -0.98635584, 0.16417842, 0.0], [0.9997049, 0.015437089, 0.018758122, 0.0], [-0.02103662, 0.16390204, 0.98625237, 0.0], [-0.06491213, -0.020048648, 0.04401533, 1.0]])
-0.06491213, -0.020048648, 0.04401533
SIMD3<Float>(-0.1646449, -0.02132662, -1.5551469)
0.00000000
CMRotationMatrix(m11: 0.0, m12: 0.0, m13: 0.0, m21: 0.0, m22: 0.0, m23: 0.0, m31: 0.0, m32: 0.0, m33: 0.0)

11
11494.316819
normal
simd_float4x4([[0.03605097, -0.96482694, 0.26040232, 0.0], [0.9964993, 0.054373916, 0.06350425, 0.0], [-0.0754297, 0.25720134, 0.9634095, 0.0], [-0.109379515, -0.06362063, 0.022396829, 1.0]])
-0.109379515, -0.06362063, 0.022396829
SIMD3<Float>(-0.26012498, -0.07813514, -1.5144998)
0.00000000
CMRotationMatrix(m11: 0.0, m12: 0.0, m13: 0.0, m21: 0.0, m22: 0.0, m23: 0.0, m31: 0.0, m32: 0.0, m33: 0.0)

12
11495.333366708
normal
simd_float4x4([[0.016575135, -0.97972673, 0.19965163, 0.0], [0.9989654, 0.0077694207, -0.044808444, 0.0], [0.042348854, 0.20018776, 0.9788419, 0.0], [-0.024934584, -0.05931942, 0.050137382, 1.0]])
-0.024934584, -0.05931942, 0.050137382
SIMD3<Float>(-0.20154956, 0.04323728, -1.5628663)
0.00000000
CMRotationMatrix(m11: 0.0, m12: 0.0, m13: 0.0, m21: 0.0, m22: 0.0, m23: 0.0, m31: 0.0, m32: 0.0, m33: 0.0)

13
11496.349914208
normal
simd_float4x4([[-0.011686587, -0.9805886, 0.19572783, 0.0], [0.9755652, -0.054129634, -0.2129379, 0.0], [0.21939917, 0.18845674, 0.95726067, 0.0], [0.13857163, -0.041112617, 0.03755146, 0.99999994]])
0.13857163, -0.041112617, 0.03755146
SIMD3<Float>(-0.1895905, 0.22530352, -1.6259415)
0.00000000
CMRotationMatrix(m11: 0.0, m12: 0.0, m13: 0.0, m21: 0.0, m22: 0.0, m23: 0.0, m31: 0.0, m32: 0.0, m33: 0.0)

14
11497.366462041
normal
simd_float4x4([[0.0017856227, -0.9831315, 0.18289116, 0.0], [0.94663125, -0.0572867, -0.31718695, 0.0], [0.32231376, 0.17369685, 0.9305607, 0.0], [0.23118015, -0.039075654, 0.025234107, 1.0]])
0.23118015, -0.039075654, 0.025234107
SIMD3<Float>(-0.17458235, 0.33343294, -1.6290002)
0.00000000
CMRotationMatrix(m11: 0.0, m12: 0.0, m13: 0.0, m21: 0.0, m22: 0.0, m23: 0.0, m31: 0.0, m32: 0.0, m33: 0.0)

15
11498.383009875
normal
simd_float4x4([[0.021709705, -0.982034, 0.18745133, 0.0], [0.9723213, -0.022889394, -0.2325242, 0.0], [0.23263732, 0.18731095, 0.95435554, 0.0], [0.23867884, -0.043516677, 0.013332413, 1.0]])
0.23867884, -0.043516677, 0.013332413
SIMD3<Float>(-0.18842393, 0.23910072, -1.5941002)
0.00000000
CMRotationMatrix(m11: 0.0, m12: 0.0, m13: 0.0, m21: 0.0, m22: 0.0, m23: 0.0, m31: 0.0, m32: 0.0, m33: 0.0)

16
11499.399557791
normal
simd_float4x4([[0.0038247972, -0.9839605, 0.1783452, 0.0], [0.9972556, -0.009433345, -0.07343254, 0.0], [0.07393711, 0.17813659, 0.98122406, 0.0], [0.13687196, -0.036770746, -0.0012378868, 0.99999994]])
0.13687196, -0.036770746, -0.0012378868
SIMD3<Float>(-0.17909242, 0.07520978, -1.5803832)
0.00000000
CMRotationMatrix(m11: 0.0, m12: 0.0, m13: 0.0, m21: 0.0, m22: 0.0, m23: 0.0, m31: 0.0, m32: 0.0, m33: 0.0)

17
11500.416105666
normal
simd_float4x4([[-0.002245197, -0.98427314, 0.1766385, 0.0], [0.99976826, -0.005990821, -0.020674592, 0.0], [0.021407656, 0.17655116, 0.98405856, 0.0], [0.0075521953, -0.029672116, 0.015537323, 1.0]])
0.0075521953, -0.029672116, 0.015537323
SIMD3<Float>(-0.17748146, 0.021751022, -1.5768828)
0.00000000
CMRotationMatrix(m11: 0.0, m12: 0.0, m13: 0.0, m21: 0.0, m22: 0.0, m23: 0.0, m31: 0.0, m32: 0.0, m33: 0.0)
