ARKit Data

1
8476.046008583
normal
simd_float4x4([[0.0045556715, -0.9971196, 0.075706996, 0.0], [0.9999884, 0.004423455, -0.0019140135, 0.0], [0.0015736145, 0.075714834, 0.9971283, 0.0], [-0.0010089506, -0.00018535927, -0.0014060801, 0.99999994]])
-0.0010089506, -0.00018535927, -0.0014060801
SIMD3<Float>(-0.075787365, 0.0015781452, -1.5663601)
0.00000000
CMRotationMatrix(m11: 0.0, m12: 0.0, m13: 0.0, m21: 0.0, m22: 0.0, m23: 0.0, m31: 0.0, m32: 0.0, m33: 0.0)

2
8476.262649333
normal
simd_float4x4([[0.004920233, -0.9967069, 0.08093795, 0.0], [0.99998766, 0.0048508607, -0.0010537141, 0.0], [0.00065762555, 0.08094214, 0.9967185, 0.0], [-0.0006764075, 2.3894012e-05, -0.0007674636, 0.99999994]])
-0.0006764075, 2.3894012e-05, -0.0007674636
SIMD3<Float>(-0.081030786, 0.00065979053, -1.5659295)
0.00000000
CMRotationMatrix(m11: 0.0, m12: 0.0, m13: 0.0, m21: 0.0, m22: 0.0, m23: 0.0, m31: 0.0, m32: 0.0, m33: 0.0)

3
8476.479290208
normal
simd_float4x4([[0.007859255, -0.996692, 0.08088973, 0.0], [0.9999691, 0.007827832, -0.000705567, 0.0], [7.004151e-05, 0.080892764, 0.9967227, 0.0], [-0.0018964224, 0.00054311624, -0.00010097098, 0.9999999]])
-0.0018964224, 0.00054311624, -0.00010097098
SIMD3<Float>(-0.08098125, 7.027181e-05, -1.5629426)
0.00000000
CMRotationMatrix(m11: 0.0, m12: 0.0, m13: 0.0, m21: 0.0, m22: 0.0, m23: 0.0, m31: 0.0, m32: 0.0, m33: 0.0)

4
8476.695930958
normal
simd_float4x4([[0.0067664683, -0.9966639, 0.08133322, 0.0], [0.999977, 0.0067198435, -0.00084696634, 0.0], [0.00029759426, 0.081337094, 0.9966865, 0.0], [-0.0018157023, 0.00040564686, -0.00016543618, 0.99999994]])
-0.0018157023, 0.00040564686, -0.00016543618
SIMD3<Float>(-0.081427045, 0.00029858362, -1.5640541)
0.00000000
CMRotationMatrix(m11: 0.0, m12: 0.0, m13: 0.0, m21: 0.0, m22: 0.0, m23: 0.0, m31: 0.0, m32: 0.0, m33: 0.0)

5
8476.912571791
normal
simd_float4x4([[0.0035476382, -0.9965374, 0.083069384, 0.0], [0.99998885, 0.0032783025, -0.0033784704, 0.0], [0.0030944452, 0.08308045, 0.996538, 0.0], [0.0002635806, 0.00015885998, -0.00042161744, 0.9999999]])
0.0002635806, 0.00015885998, -0.00042161744
SIMD3<Float>(-0.08317632, 0.0031051855, -1.5675067)
0.00000000
CMRotationMatrix(m11: 0.0, m12: 0.0, m13: 0.0, m21: 0.0, m22: 0.0, m23: 0.0, m31: 0.0, m32: 0.0, m33: 0.0)

6
8477.129212541
normal
simd_float4x4([[0.00565083, -0.99644214, 0.08408927, 0.0], [0.9999822, 0.0054688193, -0.002394678, 0.0], [0.0019262888, 0.084101304, 0.9964553, 0.0], [0.0029537645, 0.00024566296, 0.00046178277, 0.9999999]])
0.0029537645, 0.00024566296, 0.00046178277
SIMD3<Float>(-0.08420076, 0.0019331388, -1.5653081)
0.00000000
CMRotationMatrix(m11: 0.0, m12: 0.0, m13: 0.0, m21: 0.0, m22: 0.0, m23: 0.0, m31: 0.0, m32: 0.0, m33: 0.0)

7
8477.3458535
normal
simd_float4x4([[0.008579025, -0.9963206, 0.08527349, 0.0], [0.9999591, 0.008303918, -0.0035803504, 0.0], [0.0028590725, 0.08530072, 0.9963511, 0.0], [0.0050126677, 0.0008847218, -6.8272584e-06, 1.0]])
0.0050126677, 0.0008847218, -6.8272584e-06
SIMD3<Float>(-0.08540451, 0.0028695352, -1.562462)
0.00000000
CMRotationMatrix(m11: 0.0, m12: 0.0, m13: 0.0, m21: 0.0, m22: 0.0, m23: 0.0, m31: 0.0, m32: 0.0, m33: 0.0)

8
8477.56249425
normal
simd_float4x4([[0.0050061815, -0.99644, 0.08415516, 0.0], [0.99997425, 0.004556393, -0.0055359686, 0.0], [0.0051328177, 0.084180705, 0.9964372, 0.0], [0.0124901, 0.0020845034, -0.0006186466, 0.9999999]])
0.0124901, 0.0020845034, -0.0006186466
SIMD3<Float>(-0.084280446, 0.0051511247, -1.5662237)
0.00000000
CMRotationMatrix(m11: 0.0, m12: 0.0, m13: 0.0, m21: 0.0, m22: 0.0, m23: 0.0, m31: 0.0, m32: 0.0, m33: 0.0)

9
8477.77913525
normal
simd_float4x4([[0.0043120785, -0.99601626, 0.08906692, 0.0], [0.9999814, 0.003911818, -0.004668, 0.0], [0.004300991, 0.08908541, 0.99601465, 0.0], [0.0066275382, 0.0009429928, -0.0007460254, 1.0]])
0.0066275382, 0.0009429928, -0.0007460254
SIMD3<Float>(-0.08920366, 0.004318174, -1.5668689)
0.00000000
CMRotationMatrix(m11: 0.0, m12: 0.0, m13: 0.0, m21: 0.0, m22: 0.0, m23: 0.0, m31: 0.0, m32: 0.0, m33: 0.0)

10
8477.995776
normal
simd_float4x4([[0.0024929738, -0.9956919, 0.092689075, 0.0], [0.999987, 0.0020709306, -0.0046492275, 0.0], [0.0044372454, 0.09269947, 0.9956842, 0.0], [0.008381134, 0.0011097752, -0.0004952608, 0.99999994]])
0.008381134, 0.0011097752, -0.0004952608
SIMD3<Float>(-0.09283275, 0.0044564493, -1.5687164)
0.00000000
CMRotationMatrix(m11: 0.0, m12: 0.0, m13: 0.0, m21: 0.0, m22: 0.0, m23: 0.0, m31: 0.0, m32: 0.0, m33: 0.0)

11
8478.212416958
normal
simd_float4x4([[-0.0020007752, -0.9951844, 0.09799902, 0.0], [0.99994975, -0.0029530027, -0.0095726205, 0.0], [0.0098159155, 0.09797494, 0.9951404, 0.0], [0.011152506, 0.0008048825, -0.0008296119, 0.99999994]])
0.011152506, 0.0008048825, -0.0008296119
SIMD3<Float>(-0.098132364, 0.00986353, -1.5737636)
0.00000000
CMRotationMatrix(m11: 0.0, m12: 0.0, m13: 0.0, m21: 0.0, m22: 0.0, m23: 0.0, m31: 0.0, m32: 0.0, m33: 0.0)

12
8478.429057958
normal
simd_float4x4([[-0.006266981, -0.99522966, 0.09735749, 0.0], [0.9997781, -0.008193816, -0.019404147, 0.0], [0.020109313, 0.09721429, 0.99506027, 0.0], [0.01406321, 0.00073491654, 0.00055513205, 0.9999999]])
0.01406321, 0.00073491654, 0.00055513205
SIMD3<Float>(-0.09736807, 0.02020639, -1.5790292)
0.00000000
CMRotationMatrix(m11: 0.0, m12: 0.0, m13: 0.0, m21: 0.0, m22: 0.0, m23: 0.0, m31: 0.0, m32: 0.0, m33: 0.0)

13
8478.645698916
normal
simd_float4x4([[-0.007850048, -0.99536157, 0.095883675, 0.0], [0.99955475, -0.010571102, -0.027903767, 0.0], [0.028787935, 0.09562193, 0.99500144, 0.0], [0.015055575, 0.00058673194, -5.1525594e-06, 0.9999999]])
0.015055575, 0.00058673194, -5.1525594e-06
SIMD3<Float>(-0.09576825, 0.028924488, -1.5814162)
0.00000000
CMRotationMatrix(m11: 0.0, m12: 0.0, m13: 0.0, m21: 0.0, m22: 0.0, m23: 0.0, m31: 0.0, m32: 0.0, m33: 0.0)

14
8478.862339583
normal
simd_float4x4([[-0.004984133, -0.99556273, 0.093967095, 0.0], [0.9992854, -0.008479326, -0.03683343, 0.0], [0.037466772, 0.09371637, 0.9948936, 0.0], [0.028370341, -8.0299935e-05, 0.00019350088, 0.9999999]])
0.028370341, -8.0299935e-05, 0.00019350088
SIMD3<Float>(-0.09385409, 0.037641287, -1.5793133)
0.00000000
CMRotationMatrix(m11: 0.0, m12: 0.0, m13: 0.0, m21: 0.0, m22: 0.0, m23: 0.0, m31: 0.0, m32: 0.0, m33: 0.0)

15
8479.078980583
normal
simd_float4x4([[-0.006492357, -0.99532264, 0.096387215, 0.0], [0.99905753, -0.010592956, -0.04209243, 0.0], [0.04291658, 0.09602309, 0.9944534, 0.0], [0.04102451, -0.00058587024, -9.601774e-05, 0.9999999]])
0.04102451, -0.00058587024, -9.601774e-05
SIMD3<Float>(-0.09617127, 0.04312919, -1.5814387)
0.00000000
CMRotationMatrix(m11: 0.0, m12: 0.0, m13: 0.0, m21: 0.0, m22: 0.0, m23: 0.0, m31: 0.0, m32: 0.0, m33: 0.0)

16
8479.295621708
normal
simd_float4x4([[-0.00875607, -0.9956452, 0.09281031, 0.0], [0.9993367, -0.011993438, -0.03438139, 0.0], [0.035344783, 0.092447706, 0.99509, 0.0], [0.058445998, 1.6670674e-05, 0.0022773088, 0.99999994]])
0.058445998, 1.6670674e-05, 0.0022773088
SIMD3<Float>(-0.0925799, 0.035504255, -1.5828416)
0.00000000
CMRotationMatrix(m11: 0.0, m12: 0.0, m13: 0.0, m21: 0.0, m22: 0.0, m23: 0.0, m31: 0.0, m32: 0.0, m33: 0.0)

17
8479.512262666
normal
simd_float4x4([[-0.007574446, -0.99576473, 0.091625184, 0.0], [0.9999018, -0.008622247, -0.011045308, 0.0], [0.011788543, 0.09153252, 0.9957323, 0.0], [0.07717128, -0.00097518414, 0.0029798702, 0.99999994]])
0.07717128, -0.00097518414, 0.0029798702
SIMD3<Float>(-0.09166082, 0.011838515, -1.579455)
0.00000000
CMRotationMatrix(m11: 0.0, m12: 0.0, m13: 0.0, m21: 0.0, m22: 0.0, m23: 0.0, m31: 0.0, m32: 0.0, m33: 0.0)

18
8479.728903625
normal
simd_float4x4([[-0.00475045, -0.9958935, 0.09040752, 0.0], [0.99998796, -0.004621524, 0.0016353356, 0.0], [-0.0012107992, 0.0904142, 0.9959035, 0.0], [0.082118966, 0.00013798848, 0.0030169256, 0.99999994]])
0.082118966, 0.00013798848, 0.0030169256
SIMD3<Float>(-0.090537846, -0.0012157791, -1.5754368)
0.00000000
CMRotationMatrix(m11: 0.0, m12: 0.0, m13: 0.0, m21: 0.0, m22: 0.0, m23: 0.0, m31: 0.0, m32: 0.0, m33: 0.0)

19
8479.945544541
normal
simd_float4x4([[-0.00026250895, -0.99614096, 0.08776673, 0.0], [0.99999905, -0.00014634803, 0.0013299524, 0.0], [-0.0013119743, 0.08776699, 0.9961401, 0.0], [0.07700919, 0.0012943335, 0.0020718838, 0.99999994]])
0.07700919, 0.0012943335, 0.0020718838
SIMD3<Float>(-0.08788006, -0.0013170572, -1.5709432)
0.00000000
CMRotationMatrix(m11: 0.0, m12: 0.0, m13: 0.0, m21: 0.0, m22: 0.0, m23: 0.0, m31: 0.0, m32: 0.0, m33: 0.0)

20
8480.162185625
normal
simd_float4x4([[0.0008941297, -0.9966078, 0.08229114, 0.0], [0.99997914, 0.00036611207, -0.006431322, 0.0], [0.0063793785, 0.08229518, 0.99658746, 0.0], [0.06556276, 0.0029814765, 0.0045540286, 0.99999994]])
0.06556276, 0.0029814765, 0.0045540286
SIMD3<Float>(-0.08238836, 0.0064011356, -1.570429)
0.00000000
CMRotationMatrix(m11: 0.0, m12: 0.0, m13: 0.0, m21: 0.0, m22: 0.0, m23: 0.0, m31: 0.0, m32: 0.0, m33: 0.0)

21
8480.378826708
normal
simd_float4x4([[0.0012631592, -0.9965335, 0.083182186, 0.0], [0.9997991, -0.00040555556, -0.020041011, 0.0], [0.020005275, 0.083190784, 0.99633276, 0.0], [0.045867898, 0.0044281483, 0.004688141, 0.99999994]])
0.045867898, 0.0044281483, 0.004688141
SIMD3<Float>(-0.08328704, 0.020076212, -1.5712034)
0.00000000
CMRotationMatrix(m11: 0.0, m12: 0.0, m13: 0.0, m21: 0.0, m22: 0.0, m23: 0.0, m31: 0.0, m32: 0.0, m33: 0.0)

22
8480.595467625
normal
simd_float4x4([[-1.3312653e-05, -0.9964763, 0.08387463, 0.0], [0.99953926, -0.0025587564, -0.030240769, 0.0], [0.030348822, 0.083835594, 0.9960173, 0.0], [0.038210966, 0.0041403025, 0.005259551, 0.99999994]])
0.038210966, 0.0041403025, 0.005259551
SIMD3<Float>(-0.08393411, 0.030460753, -1.5733641)
0.00000000
CMRotationMatrix(m11: 0.0, m12: 0.0, m13: 0.0, m21: 0.0, m22: 0.0, m23: 0.0, m31: 0.0, m32: 0.0, m33: 0.0)

23
8480.812108583
normal
simd_float4x4([[0.004071451, -0.9958033, 0.091428466, 0.0], [0.9988604, -0.000297771, -0.047724005, 0.0], [0.047550946, 0.09151859, 0.99466735, 0.0], [0.030190798, 0.0035771527, 0.0047782217, 0.9999999]])
0.030190798, 0.0035771527, 0.0047782217
SIMD3<Float>(-0.09164683, 0.04776951, -1.5710953)
0.00000000
CMRotationMatrix(m11: 0.0, m12: 0.0, m13: 0.0, m21: 0.0, m22: 0.0, m23: 0.0, m31: 0.0, m32: 0.0, m33: 0.0)

24
8481.028749625
normal
simd_float4x4([[0.010534532, -0.9949446, 0.09987103, 0.0], [0.99706286, 0.0028746212, -0.07653371, 0.0], [0.07585972, 0.10038394, 0.99205256, 0.0], [0.020415625, 0.0005416684, 0.0026199424, 0.99999994]])
0.020415625, 0.0005416684, 0.0026199424
SIMD3<Float>(-0.1005533, 0.07631892, -1.5679071)
0.00000000
CMRotationMatrix(m11: 0.0, m12: 0.0, m13: 0.0, m21: 0.0, m22: 0.0, m23: 0.0, m31: 0.0, m32: 0.0, m33: 0.0)

25
8481.245390791
normal
simd_float4x4([[0.012327684, -0.9950489, 0.098618254, 0.0], [0.99433553, 0.0017864105, -0.10627129, 0.0], [0.10556896, 0.09936971, 0.9894346, 0.0], [0.01587702, 0.0013932537, 0.006437567, 1.0]])
0.01587702, 0.0013932537, 0.006437567
SIMD3<Float>(-0.099533975, 0.10629411, -1.5690011)
0.00000000
CMRotationMatrix(m11: 0.0, m12: 0.0, m13: 0.0, m21: 0.0, m22: 0.0, m23: 0.0, m31: 0.0, m32: 0.0, m33: 0.0)

26
8481.462031875
normal
simd_float4x4([[0.016146392, -0.9949349, 0.099215284, 0.0], [0.99293447, 0.004288495, -0.118585914, 0.0], [0.11755979, 0.10042901, 0.9879745, 0.0], [0.008814478, 0.0017818175, 0.008408776, 0.99999994]])
0.008814478, 0.0017818175, 0.008408776
SIMD3<Float>(-0.1005986, 0.11843385, -1.566486)
0.00000000
CMRotationMatrix(m11: 0.0, m12: 0.0, m13: 0.0, m21: 0.0, m22: 0.0, m23: 0.0, m31: 0.0, m32: 0.0, m33: 0.0)

27
8481.678672916
normal
simd_float4x4([[0.021563746, -0.9949465, 0.09806245, 0.0], [0.9919147, 0.0090217525, -0.12658498, 0.0], [0.1250606, 0.099999234, 0.98709667, 0.0], [0.0018770425, 0.0018105358, 0.007989047, 0.99999994]])
0.0018770425, 0.0018105358, 0.007989047
SIMD3<Float>(-0.10016665, 0.12602396, -1.561729)
0.00000000
CMRotationMatrix(m11: 0.0, m12: 0.0, m13: 0.0, m21: 0.0, m22: 0.0, m23: 0.0, m31: 0.0, m32: 0.0, m33: 0.0)

28
8481.895314041
normal
simd_float4x4([[0.027670907, -0.9949131, 0.096861295, 0.0], [0.9905537, 0.014272138, -0.13638039, 0.0], [0.13430424, 0.09972008, 0.9859098, 0.0], [-0.006450134, 0.0014483059, 0.005195512, 0.9999999]])
-0.006450134, 0.0014483059, 0.005195512
SIMD3<Float>(-0.0998861, 0.13539028, -1.5564522)
0.00000000
CMRotationMatrix(m11: 0.0, m12: 0.0, m13: 0.0, m21: 0.0, m22: 0.0, m23: 0.0, m31: 0.0, m32: 0.0, m33: 0.0)

29
8482.111955291
normal
simd_float4x4([[0.028484238, -0.99561006, 0.08915837, 0.0], [0.98835224, 0.014712216, -0.15147012, 0.0], [0.14949349, 0.09243439, 0.9844325, 0.0], [-0.0144740585, 0.0012222963, 0.0043681967, 0.9999999]])
-0.0144740585, 0.0012222963, 0.0043681967
SIMD3<Float>(-0.09256653, 0.1507061, -1.5560203)
0.00000000
CMRotationMatrix(m11: 0.0, m12: 0.0, m13: 0.0, m21: 0.0, m22: 0.0, m23: 0.0, m31: 0.0, m32: 0.0, m33: 0.0)

30
8482.328596166
normal
simd_float4x4([[0.027028771, -0.9958066, 0.087399535, 0.0], [0.9859092, 0.012116835, -0.16684172, 0.0], [0.16508308, 0.09067753, 0.98210233, 0.0], [-0.019786013, 0.0012107926, 0.0053913253, 0.9999999]])
-0.019786013, 0.0012107926, 0.0053913253
SIMD3<Float>(-0.09080226, 0.1665347, -1.558629)
0.00000000
CMRotationMatrix(m11: 0.0, m12: 0.0, m13: 0.0, m21: 0.0, m22: 0.0, m23: 0.0, m31: 0.0, m32: 0.0, m33: 0.0)

31
8482.545237333
normal
simd_float4x4([[0.029620463, -0.9962809, 0.08091212, 0.0], [0.98569936, 0.015679562, -0.16778226, 0.0], [0.16588962, 0.08472482, 0.9824979, 0.0], [-0.028905129, 0.0029719435, 0.007108912, 0.99999994]])
-0.028905129, 0.0029719435, 0.007108912
SIMD3<Float>(-0.084826514, 0.16726716, -1.5550596)
0.00000000
CMRotationMatrix(m11: 0.0, m12: 0.0, m13: 0.0, m21: 0.0, m22: 0.0, m23: 0.0, m31: 0.0, m32: 0.0, m33: 0.0)

32
8482.7618785
normal
simd_float4x4([[0.03533514, -0.996569, 0.07484377, 0.0], [0.98702925, 0.023065204, -0.1588743, 0.0], [0.15660292, 0.07948685, 0.9844579, 0.0], [-0.038880356, 0.00401821, 0.009320663, 0.99999994]])
-0.038880356, 0.00401821, 0.009320663
SIMD3<Float>(-0.079570785, 0.1577535, -1.5476558)
0.00000000
CMRotationMatrix(m11: 0.0, m12: 0.0, m13: 0.0, m21: 0.0, m22: 0.0, m23: 0.0, m31: 0.0, m32: 0.0, m33: 0.0)

33
8482.978519541
normal
simd_float4x4([[0.033929877, -0.99689466, 0.07106045, 0.0], [0.9891538, 0.02332924, -0.14501843, 0.0], [0.14291029, 0.07521018, 0.9868737, 0.0], [-0.04664951, 0.0067781657, 0.009837279, 0.99999994]])
-0.04664951, 0.0067781657, 0.009837279
SIMD3<Float>(-0.07528126, 0.14381143, -1.5473987)
0.00000000
CMRotationMatrix(m11: 0.0, m12: 0.0, m13: 0.0, m21: 0.0, m22: 0.0, m23: 0.0, m31: 0.0, m32: 0.0, m33: 0.0)

34
8483.195160875
normal
simd_float4x4([[0.034019817, -0.9982213, 0.048956484, 0.0], [0.9908942, 0.027303942, -0.13184479, 0.0], [0.13027358, 0.052996036, 0.9900607, 0.0], [-0.055301484, 0.009932819, 0.011114881, 1.0]])
-0.055301484, 0.009932819, 0.011114881
SIMD3<Float>(-0.053020876, 0.13082981, -1.5434506)
0.00000000
CMRotationMatrix(m11: 0.0, m12: 0.0, m13: 0.0, m21: 0.0, m22: 0.0, m23: 0.0, m31: 0.0, m32: 0.0, m33: 0.0)

35
8483.411802
normal
simd_float4x4([[0.03401269, -0.9987449, 0.036765136, 0.0], [0.99258786, 0.029462812, -0.1179037, 0.0], [0.11667252, 0.040502846, 0.9923441, 0.0], [-0.062101066, 0.008882433, 0.009830877, 0.99999994]])
-0.062101066, 0.008882433, 0.009830877
SIMD3<Float>(-0.04051393, 0.11703535, -1.5413051)
0.00000000
CMRotationMatrix(m11: 0.0, m12: 0.0, m13: 0.0, m21: 0.0, m22: 0.0, m23: 0.0, m31: 0.0, m32: 0.0, m33: 0.0)

36
8483.628443083
normal
simd_float4x4([[0.03893516, -0.99883384, 0.028545974, 0.0], [0.9934038, 0.035608392, -0.10899856, 0.0], [0.10785499, 0.032601554, 0.99363184, 0.0], [-0.07297261, 0.010013205, 0.00840017, 0.9999998]])
-0.07297261, 0.010013205, 0.00840017
SIMD3<Float>(-0.032607332, 0.108122915, -1.5351615)
0.00000000
CMRotationMatrix(m11: 0.0, m12: 0.0, m13: 0.0, m21: 0.0, m22: 0.0, m23: 0.0, m31: 0.0, m32: 0.0, m33: 0.0)

37
8483.845084333
normal
simd_float4x4([[0.042810544, -0.99873483, 0.026375564, 0.0], [0.9943512, 0.040026605, -0.09830126, 0.0], [0.09712118, 0.03043491, 0.994807, 0.0], [-0.08479154, 0.009547584, 0.0052175047, 0.99999994]])
-0.08479154, 0.009547584, 0.0052175047
SIMD3<Float>(-0.030439612, 0.09731975, -1.5307405)
0.00000000
CMRotationMatrix(m11: 0.0, m12: 0.0, m13: 0.0, m21: 0.0, m22: 0.0, m23: 0.0, m31: 0.0, m32: 0.0, m33: 0.0)

38
8484.0617255
normal
simd_float4x4([[0.04856019, -0.99846804, 0.026521081, 0.0], [0.9949215, 0.046009835, -0.08952231, 0.0], [0.08816495, 0.030733615, 0.99563164, 0.0], [-0.0967388, 0.008680607, 0.0049029207, 1.0]])
-0.0967388, 0.008680607, 0.0049029207
SIMD3<Float>(-0.030738456, 0.0883214, -1.5247484)
0.00000000
CMRotationMatrix(m11: 0.0, m12: 0.0, m13: 0.0, m21: 0.0, m22: 0.0, m23: 0.0, m31: 0.0, m32: 0.0, m33: 0.0)

39
8484.27836675
normal
simd_float4x4([[0.054084316, -0.9982063, 0.025670297, 0.0], [0.9955927, 0.05193453, -0.0780893, 0.0], [0.07661605, 0.029780567, 0.99661577, 0.0], [-0.102946505, 0.009512033, 0.01185787, 0.99999994]])
-0.102946505, 0.009512033, 0.01185787
SIMD3<Float>(-0.02978497, 0.076725304, -1.5188154)
0.00000000
CMRotationMatrix(m11: 0.0, m12: 0.0, m13: 0.0, m21: 0.0, m22: 0.0, m23: 0.0, m31: 0.0, m32: 0.0, m33: 0.0)

40
8484.495007833
normal
simd_float4x4([[0.06449344, -0.9968391, 0.04639334, 0.0], [0.9965094, 0.061863422, -0.056052025, 0.0], [0.0530048, 0.04984639, 0.99734926, 0.0], [-0.10282865, 0.0073798173, 0.010530729, 0.9999999]])
-0.10282865, 0.0073798173, 0.010530729
SIMD3<Float>(-0.049867053, 0.053095724, -1.5088162)
0.00000000
CMRotationMatrix(m11: 0.0, m12: 0.0, m13: 0.0, m21: 0.0, m22: 0.0, m23: 0.0, m31: 0.0, m32: 0.0, m33: 0.0)

41
8484.711649166
normal
simd_float4x4([[0.06331808, -0.9960497, 0.062254842, 0.0], [0.9968427, 0.060127355, -0.051856756, 0.0], [0.047908686, 0.06534176, 0.99671215, 0.0], [-0.10255465, 0.004632782, 0.009643429, 0.99999994]])
-0.10255465, 0.004632782, 0.009643429
SIMD3<Float>(-0.06538835, 0.048029754, -1.5105036)
0.00000000
CMRotationMatrix(m11: 0.0, m12: 0.0, m13: 0.0, m21: 0.0, m22: 0.0, m23: 0.0, m31: 0.0, m32: 0.0, m33: 0.0)

42
8484.928290291
normal
simd_float4x4([[0.061964687, -0.9949853, 0.078514084, 0.0], [0.99728316, 0.058584075, -0.04465496, 0.0], [0.03983136, 0.08106779, 0.9959123, 0.0], [-0.09652828, 0.002703114, 0.0085113, 0.9999999]])
-0.09652828, 0.002703114, 0.0085113
SIMD3<Float>(-0.08115685, 0.039973542, -1.511985)
0.00000000
CMRotationMatrix(m11: 0.0, m12: 0.0, m13: 0.0, m21: 0.0, m22: 0.0, m23: 0.0, m31: 0.0, m32: 0.0, m33: 0.0)

43
8485.144931541
normal
simd_float4x4([[0.058997806, -0.9946971, 0.0842429, 0.0], [0.9976321, 0.055762265, -0.04025902, 0.0], [0.035347957, 0.08641861, 0.9956317, 0.0], [-0.08653542, 0.0036381073, 0.008041276, 0.99999994]])
-0.08653542, 0.0036381073, 0.008041276
SIMD3<Float>(-0.086526535, 0.03548814, -1.5147954)
0.00000000
CMRotationMatrix(m11: 0.0, m12: 0.0, m13: 0.0, m21: 0.0, m22: 0.0, m23: 0.0, m31: 0.0, m32: 0.0, m33: 0.0)

44
8485.361572791
normal
simd_float4x4([[0.05102383, -0.9947094, 0.08916099, 0.0], [0.99817884, 0.047917124, -0.036644883, 0.0], [0.03217867, 0.09086839, 0.99534285, 0.0], [-0.07535683, 0.0057576075, 0.011879791, 0.99999994]])
-0.07535683, 0.0057576075, 0.011879791
SIMD3<Float>(-0.09099391, 0.032317977, -1.5226616)
0.00000000
CMRotationMatrix(m11: 0.0, m12: 0.0, m13: 0.0, m21: 0.0, m22: 0.0, m23: 0.0, m31: 0.0, m32: 0.0, m33: 0.0)

45
8485.578214041
normal
simd_float4x4([[0.047468662, -0.99477667, 0.09036608, 0.0], [0.99829847, 0.04417963, -0.038056552, 0.0], [0.03386543, 0.092018805, 0.9951812, 0.0], [-0.071254164, 0.0060230447, 0.01060802, 1.0]])
-0.071254164, 0.0060230447, 0.01060802
SIMD3<Float>(-0.09214916, 0.034016285, -1.5264139)
0.00000000
CMRotationMatrix(m11: 0.0, m12: 0.0, m13: 0.0, m21: 0.0, m22: 0.0, m23: 0.0, m31: 0.0, m32: 0.0, m33: 0.0)

46
8485.794855416
normal
simd_float4x4([[0.04558091, -0.9943549, 0.095814705, 0.0], [0.99838024, 0.042075533, -0.038293328, 0.0], [0.034045707, 0.09740496, 0.9946622, 0.0], [-0.07128214, 0.004359577, 0.0058408687, 0.99999994]])
-0.07128214, 0.004359577, 0.0058408687
SIMD3<Float>(-0.097559646, 0.03421505, -1.5285071)
0.00000000
CMRotationMatrix(m11: 0.0, m12: 0.0, m13: 0.0, m21: 0.0, m22: 0.0, m23: 0.0, m31: 0.0, m32: 0.0, m33: 0.0)
