camera_matrix:
- - 3280.141638927028
  - 0.0
  - 2051.3088388452584
- - 0.0
  - 3298.8775622317276
  - 1457.0395476987535
- - 0.0
  - 0.0
  - 1.0
dist_coeff:
- - 0.35842243155107567
  - -3.2316961575100036
  - -0.002024107761792049
  - 0.005125810423353828
  - 9.14548650474904
