ARKit Data

1
11543.776356333
normal
simd_float4x4([[-0.03311764, -0.99022454, 0.13549367, 0.0], [0.9980748, -0.03987963, -0.0474997, 0.0], [0.052438796, 0.13365974, 0.989639, 0.0], [0.043676168, 0.013456125, -0.076087594, 1.0]])
0.043676168, 0.013456125, -0.076087594
SIMD3<Float>(-0.13406093, 0.052938294, -1.6110479)
0.00000000
CMRotationMatrix(m11: 0.0, m12: 0.0, m13: 0.0, m21: 0.0, m22: 0.0, m23: 0.0, m31: 0.0, m32: 0.0, m33: 0.0)

2
11544.792903958
normal
simd_float4x4([[-0.053951256, -0.982822, 0.17649357, 0.0], [0.9985406, -0.05266873, 0.011946726, 0.0], [-0.0024458107, 0.17688052, 0.98422927, 0.0], [0.043663036, 0.0039935573, -0.094472885, 0.9999998]])
0.043663036, 0.0039935573, -0.094472885
SIMD3<Float>(-0.1778161, -0.0024849959, -1.6243345)
0.00000000
CMRotationMatrix(m11: 0.0, m12: 0.0, m13: 0.0, m21: 0.0, m22: 0.0, m23: 0.0, m31: 0.0, m32: 0.0, m33: 0.0)

3
11545.809451833
normal
simd_float4x4([[-0.06375202, -0.98198205, 0.17789565, 0.0], [0.99415416, -0.07805638, -0.07459794, 0.0], [0.08713975, 0.1720999, 0.9812178, 0.0], [0.15620737, 0.009859982, -0.10767765, 0.99999994]])
0.15620737, 0.009859982, -0.10767765
SIMD3<Float>(-0.17296098, 0.088575386, -1.6501181)
0.00000000
CMRotationMatrix(m11: 0.0, m12: 0.0, m13: 0.0, m21: 0.0, m22: 0.0, m23: 0.0, m31: 0.0, m32: 0.0, m33: 0.0)

4
11546.825999583
normal
simd_float4x4([[-0.04667933, -0.98546827, 0.16331963, 0.0], [0.99433213, -0.061475117, -0.0867442, 0.0], [0.09552376, 0.15834476, 0.9827524, 0.0], [0.15039784, 0.012097541, -0.12599365, 1.0]])
0.15039784, 0.012097541, -0.12599365
SIMD3<Float>(-0.15901403, 0.096895844, -1.6330972)
0.00000000
CMRotationMatrix(m11: 0.0, m12: 0.0, m13: 0.0, m21: 0.0, m22: 0.0, m23: 0.0, m31: 0.0, m32: 0.0, m33: 0.0)

5
11547.842547541
normal
simd_float4x4([[-0.013164286, -0.9902661, 0.13856302, 0.0], [0.995987, -0.02525457, -0.08586197, 0.0], [0.08852554, 0.13687663, 0.9866246, 0.0], [0.28698936, 0.008130017, -0.15080471, 0.99999994]])
0.28698936, 0.008130017, -0.15080471
SIMD3<Float>(-0.13730767, 0.08948603, -1.5962936)
0.00000000
CMRotationMatrix(m11: 0.0, m12: 0.0, m13: 0.0, m21: 0.0, m22: 0.0, m23: 0.0, m31: 0.0, m32: 0.0, m33: 0.0)

6
11548.859095541
normal
simd_float4x4([[0.013106026, -0.98849285, 0.15069807, 0.0], [0.9990665, 0.019149734, 0.038723733, 0.0], [-0.041163962, 0.15004985, 0.98782104, 0.0], [0.34116495, -0.015561718, -0.16658024, 0.9999998]])
0.34116495, -0.015561718, -0.16658024
SIMD3<Float>(-0.15061869, -0.041647382, -1.551426)
0.00000000
CMRotationMatrix(m11: 0.0, m12: 0.0, m13: 0.0, m21: 0.0, m22: 0.0, m23: 0.0, m31: 0.0, m32: 0.0, m33: 0.0)

7
11549.875643708
normal
simd_float4x4([[0.0028799435, -0.9743396, 0.22506465, 0.0], [0.9969167, 0.0204462, 0.075758144, 0.0], [-0.07841587, 0.22415249, 0.9713943, 0.0], [0.19000076, -0.03370346, -0.18680799, 1.0000001]])
0.19000076, -0.03370346, -0.18680799
SIMD3<Float>(-0.22607331, -0.0805504, -1.5498147)
0.00000000
CMRotationMatrix(m11: 0.0, m12: 0.0, m13: 0.0, m21: 0.0, m22: 0.0, m23: 0.0, m31: 0.0, m32: 0.0, m33: 0.0)

8
11550.892191833
normal
simd_float4x4([[-0.0045502335, -0.9890234, 0.14768901, 0.0], [0.99775845, -0.01435085, -0.06536233, 0.0], [0.06676432, 0.14706053, 0.9868717, 0.0], [0.12520677, -0.013781264, -0.17070416, 1.0]])
0.12520677, -0.013781264, -0.17070416
SIMD3<Float>(-0.14759582, 0.06754955, -1.5853055)
0.00000000
CMRotationMatrix(m11: 0.0, m12: 0.0, m13: 0.0, m21: 0.0, m22: 0.0, m23: 0.0, m31: 0.0, m32: 0.0, m33: 0.0)

9
11551.908740083
normal
simd_float4x4([[-0.036327798, -0.9881169, 0.14934932, 0.0], [0.99461585, -0.05026434, -0.090625435, 0.0], [0.097055495, 0.14525297, 0.9846227, 0.0], [-0.021042354, 0.000508613, -0.17714965, 0.99999994]])
-0.021042354, 0.000508613, -0.17714965
SIMD3<Float>(-0.14576866, 0.09825385, -1.6216214)
0.00000000
CMRotationMatrix(m11: 0.0, m12: 0.0, m13: 0.0, m21: 0.0, m22: 0.0, m23: 0.0, m31: 0.0, m32: 0.0, m33: 0.0)

10
11552.925288541
normal
simd_float4x4([[-0.00034275226, -0.9856934, 0.16854793, 0.0], [0.9830466, -0.03123638, -0.18067594, 0.0], [0.18335591, 0.16562852, 0.96899325, 0.0], [-0.12147477, -0.007974356, -0.16501829, 1.0]])
-0.12147477, -0.007974356, -0.16501829
SIMD3<Float>(-0.1663953, 0.18701202, -1.6024755)
0.00000000
CMRotationMatrix(m11: 0.0, m12: 0.0, m13: 0.0, m21: 0.0, m22: 0.0, m23: 0.0, m31: 0.0, m32: 0.0, m33: 0.0)

11
11553.941836916
normal
simd_float4x4([[-0.0014830775, -0.9796023, 0.20094079, 0.0], [0.99990004, -0.0042794296, -0.01348263, 0.0], [0.014067525, 0.20090067, 0.97951066, 0.0], [-0.03089258, -0.023729447, -0.1564008, 1.0]])
-0.03089258, -0.023729447, -0.1564008
SIMD3<Float>(-0.20227726, 0.014360801, -1.5751648)
0.00000000
CMRotationMatrix(m11: 0.0, m12: 0.0, m13: 0.0, m21: 0.0, m22: 0.0, m23: 0.0, m31: 0.0, m32: 0.0, m33: 0.0)

12
11554.958385375
normal
simd_float4x4([[0.009169089, -0.978327, 0.2068624, 0.0], [0.99924237, 0.016789563, 0.035112925, 0.0], [-0.037825048, 0.20638369, 0.97773963, 0.0], [0.15990295, -0.028164105, -0.17364798, 0.9999999]])
0.15990295, -0.028164105, -0.17364798
SIMD3<Float>(-0.20787764, -0.038666934, -1.5536366)
0.00000000
CMRotationMatrix(m11: 0.0, m12: 0.0, m13: 0.0, m21: 0.0, m22: 0.0, m23: 0.0, m31: 0.0, m32: 0.0, m33: 0.0)
