ARKit Data

1
8536.251724416
normal
simd_float4x4([[-0.009334616, -0.97833836, -0.2068017, 0.0], [0.9999108, -0.007155279, -0.011283751, 0.0], [0.009559602, -0.20688856, 0.9783179, 0.0], [-0.000978264, -0.00017181039, 0.005010796, 1.0]])
-0.000978264, -0.00017181039, 0.005010796
SIMD3<Float>(0.20839363, 0.009771156, -1.5781099)
0.00000000
CMRotationMatrix(m11: 0.0, m12: 0.0, m13: 0.0, m21: 0.0, m22: 0.0, m23: 0.0, m31: 0.0, m32: 0.0, m33: 0.0)

2
8536.468365416
normal
simd_float4x4([[-0.005670285, -0.980072, -0.19856162, 0.0], [0.9999525, -0.0039797053, -0.008912179, 0.0], [0.007944359, -0.1986027, 0.980048, 0.0], [-0.0010075099, -0.00044601783, 0.0041737007, 1.0]])
-0.0010075099, -0.00044601783, 0.0041737007
SIMD3<Float>(0.19993202, 0.008105915, -1.5748569)
0.00000000
CMRotationMatrix(m11: 0.0, m12: 0.0, m13: 0.0, m21: 0.0, m22: 0.0, m23: 0.0, m31: 0.0, m32: 0.0, m33: 0.0)

3
8536.685006458
normal
simd_float4x4([[-0.0013274745, -0.9810947, -0.19352348, 0.0], [0.99996024, 0.00040510946, -0.008912988, 0.0], [0.0088228835, -0.1935276, 0.9810552, 0.0], [-0.0011067083, -0.00015891113, 0.0043645166, 0.99999994]])
-0.0011067083, -0.00015891113, 0.0043645166
SIMD3<Float>(0.19475645, 0.008993017, -1.5703834)
0.00000000
CMRotationMatrix(m11: 0.0, m12: 0.0, m13: 0.0, m21: 0.0, m22: 0.0, m23: 0.0, m31: 0.0, m32: 0.0, m33: 0.0)

4
8536.901647458
normal
simd_float4x4([[-0.0023409019, -0.9810534, -0.19372348, 0.0], [0.9999596, -0.0006129287, -0.008979249, 0.0], [0.008690383, -0.19373666, 0.9810151, 0.0], [4.706718e-05, -0.00039474666, 0.0052175177, 1.0]])
4.706718e-05, -0.00039474666, 0.0052175177
SIMD3<Float>(0.19496955, 0.008858331, -1.5714211)
0.00000000
CMRotationMatrix(m11: 0.0, m12: 0.0, m13: 0.0, m21: 0.0, m22: 0.0, m23: 0.0, m31: 0.0, m32: 0.0, m33: 0.0)

5
8537.118288416
normal
simd_float4x4([[-0.0026014508, -0.98106724, -0.19364996, 0.0], [0.99993324, -0.0003710916, -0.011552862, 0.0], [0.011262272, -0.19366707, 0.9810027, 0.0], [1.8057359e-05, 0.00059991557, 0.0028804895, 0.99999994]])
1.8057359e-05, 0.00059991557, 0.0028804895
SIMD3<Float>(0.19489862, 0.011479863, -1.5711746)
0.00000000
CMRotationMatrix(m11: 0.0, m12: 0.0, m13: 0.0, m21: 0.0, m22: 0.0, m23: 0.0, m31: 0.0, m32: 0.0, m33: 0.0)

6
8537.334929541
normal
simd_float4x4([[-0.006752553, -0.98178756, -0.18986176, 0.0], [0.9996909, -0.0020840818, -0.024777709, 0.0], [0.02393076, -0.18997036, 0.9814982, 0.0], [-0.00068923185, 0.00072305877, 0.0016871076, 0.99999994]])
-0.00068923185, 0.00072305877, 0.0016871076
SIMD3<Float>(0.19113195, 0.024377039, -1.572919)
0.00000000
CMRotationMatrix(m11: 0.0, m12: 0.0, m13: 0.0, m21: 0.0, m22: 0.0, m23: 0.0, m31: 0.0, m32: 0.0, m33: 0.0)

7
8537.551570666
normal
simd_float4x4([[-0.015370995, -0.9819403, -0.1885653, 0.0], [0.99877226, -0.006196523, -0.049147468, 0.0], [0.04709144, -0.18908924, 0.98083013, 0.0], [-0.0024125278, 0.00095978606, 0.0016311631, 0.99999994]])
-0.0024125278, 0.00095978606, 0.0016311631
SIMD3<Float>(0.19023457, 0.047974978, -1.5771067)
0.00000000
CMRotationMatrix(m11: 0.0, m12: 0.0, m13: 0.0, m21: 0.0, m22: 0.0, m23: 0.0, m31: 0.0, m32: 0.0, m33: 0.0)

8
8537.768211583
normal
simd_float4x4([[-0.020213136, -0.982534, -0.184982, 0.0], [0.997636, -0.0076666973, -0.06829076, 0.0], [0.065679796, -0.18592505, 0.98036623, 0.0], [-0.0042430563, 0.00059909, 0.0026162984, 1.0]])
-0.0042430563, 0.00059909, 0.0026162984
SIMD3<Float>(0.18701324, 0.0668952, -1.5785991)
0.00000000
CMRotationMatrix(m11: 0.0, m12: 0.0, m13: 0.0, m21: 0.0, m22: 0.0, m23: 0.0, m31: 0.0, m32: 0.0, m33: 0.0)

9
8537.98485275
normal
simd_float4x4([[-0.027874095, -0.984375, -0.17386457, 0.0], [0.9957143, -0.011998516, -0.09170122, 0.0], [0.08818228, -0.1756755, 0.98049074, 0.0], [-0.0043198047, -0.0010827384, 0.002381852, 0.99999994]])
-0.0043198047, -0.0010827384, 0.002381852
SIMD3<Float>(0.17659189, 0.08969556, -1.5829847)
0.00000000
CMRotationMatrix(m11: 0.0, m12: 0.0, m13: 0.0, m21: 0.0, m22: 0.0, m23: 0.0, m31: 0.0, m32: 0.0, m33: 0.0)

10
8538.201493875
normal
simd_float4x4([[-0.025617197, -0.9841333, -0.17557156, 0.0], [0.9927701, -0.004442745, -0.11994958, 0.0], [0.11726634, -0.17737494, 0.97713184, 0.0], [-0.0053126276, -0.0028632246, 0.0013236059, 1.0]])
-0.0053126276, -0.0028632246, 0.0013236059
SIMD3<Float>(0.17831846, 0.11943954, -1.5753107)
0.00000000
CMRotationMatrix(m11: 0.0, m12: 0.0, m13: 0.0, m21: 0.0, m22: 0.0, m23: 0.0, m31: 0.0, m32: 0.0, m33: 0.0)

11
8538.418135041
normal
simd_float4x4([[-0.0284099, -0.98377734, -0.17713016, 0.0], [0.9901299, -0.003365944, -0.14011252, 0.0], [0.13724329, -0.17936245, 0.974163, 0.0], [-0.005311451, -0.0034067295, 0.0004925197, 1.0]])
-0.005311451, -0.0034067295, 0.0004925197
SIMD3<Float>(0.18033835, 0.13996215, -1.5742178)
0.00000000
CMRotationMatrix(m11: 0.0, m12: 0.0, m13: 0.0, m21: 0.0, m22: 0.0, m23: 0.0, m31: 0.0, m32: 0.0, m33: 0.0)

12
8538.634776125
normal
simd_float4x4([[-0.031769395, -0.98420346, -0.17416735, 0.0], [0.9876006, -0.004107602, -0.15693387, 0.0], [0.15373947, -0.17699347, 0.9721304, 0.0], [-0.0063204975, -0.0038612871, -0.0011705188, 0.99999994]])
-0.0063204975, -0.0038612871, -0.0011705188
SIMD3<Float>(0.17793085, 0.15684795, -1.5749699)
0.00000000
CMRotationMatrix(m11: 0.0, m12: 0.0, m13: 0.0, m21: 0.0, m22: 0.0, m23: 0.0, m31: 0.0, m32: 0.0, m33: 0.0)

13
8538.85141725
normal
simd_float4x4([[-0.035512343, -0.983973, -0.17474492, 0.0], [0.9839765, -0.0038556382, -0.1782568, 0.0], [0.17472614, -0.17827518, 0.9683434, 0.0], [-0.00877009, -0.004251085, -0.0012547681, 1.0]])
-0.00877009, -0.004251085, -0.0012547681
SIMD3<Float>(0.17923327, 0.17851736, -1.5747148)
0.00000000
CMRotationMatrix(m11: 0.0, m12: 0.0, m13: 0.0, m21: 0.0, m22: 0.0, m23: 0.0, m31: 0.0, m32: 0.0, m33: 0.0)

14
8539.068058333
normal
simd_float4x4([[-0.036265653, -0.98407423, -0.17401934, 0.0], [0.97981805, -0.0007611119, -0.19989017, 0.0], [0.19657433, -0.1777564, 0.9642413, 0.0], [-0.010457287, -0.004464373, -0.000111664645, 1.0]])
-0.010457287, -0.004464373, -0.000111664645
SIMD3<Float>(0.17870606, 0.20110841, -1.5715698)
0.00000000
CMRotationMatrix(m11: 0.0, m12: 0.0, m13: 0.0, m21: 0.0, m22: 0.0, m23: 0.0, m31: 0.0, m32: 0.0, m33: 0.0)

15
8539.284699583
normal
simd_float4x4([[-0.036933124, -0.98530596, -0.16675773, 0.0], [0.97636676, -2.084237e-05, -0.21612032, 0.0], [0.21294115, -0.17079869, 0.9620208, 0.0], [-0.012576231, -0.0053793825, -0.0003397623, 1.0]])
-0.012576231, -0.0053793825, -0.0003397623
SIMD3<Float>(0.17164022, 0.21783549, -1.5708175)
0.00000000
CMRotationMatrix(m11: 0.0, m12: 0.0, m13: 0.0, m21: 0.0, m22: 0.0, m23: 0.0, m31: 0.0, m32: 0.0, m33: 0.0)

16
8539.501340833
normal
simd_float4x4([[-0.033855934, -0.98474413, -0.17068332, 0.0], [0.97649544, 0.003780622, -0.21550503, 0.0], [0.21286261, -0.17396758, 0.9614702, 0.0], [-0.012798602, -0.004697565, 0.0015832344, 1.0]])
-0.012798602, -0.004697565, 0.0015832344
SIMD3<Float>(0.17485727, 0.21787845, -1.5669571)
0.00000000
CMRotationMatrix(m11: 0.0, m12: 0.0, m13: 0.0, m21: 0.0, m22: 0.0, m23: 0.0, m31: 0.0, m32: 0.0, m33: 0.0)

17
8539.717982041
normal
simd_float4x4([[-0.031833842, -0.98508036, -0.1691248, 0.0], [0.9777026, 0.004449683, -0.2099475, 0.0], [0.2075677, -0.17203717, 0.96297395, 0.0], [-0.013293223, -0.005158473, 0.0017396389, 1.0]])
-0.013293223, -0.005158473, 0.0017396389
SIMD3<Float>(0.1728973, 0.21230048, -1.5662793)
0.00000000
CMRotationMatrix(m11: 0.0, m12: 0.0, m13: 0.0, m21: 0.0, m22: 0.0, m23: 0.0, m31: 0.0, m32: 0.0, m33: 0.0)

18
8539.934623125
normal
simd_float4x4([[-0.030049896, -0.98558307, -0.16650237, 0.0], [0.9811117, 0.0027628115, -0.19342236, 0.0], [0.19109383, -0.16916974, 0.966884, 0.0], [-0.011690742, -0.0046364963, -0.001718116, 1.0]])
-0.011690742, -0.0046364963, -0.001718116
SIMD3<Float>(0.1699872, 0.19512418, -1.5679932)
0.00000000
CMRotationMatrix(m11: 0.0, m12: 0.0, m13: 0.0, m21: 0.0, m22: 0.0, m23: 0.0, m31: 0.0, m32: 0.0, m33: 0.0)

19
8540.151264458
normal
simd_float4x4([[-0.02532913, -0.9849713, -0.17085098, 0.0], [0.98663163, 0.0028915915, -0.16294114, 0.0], [0.16098638, -0.17269413, 0.9717305, 0.0], [-0.00843096, -0.004864689, -0.0026259283, 1.0]])
-0.00843096, -0.004864689, -0.0026259283
SIMD3<Float>(0.17356424, 0.16417858, -1.5678606)
0.00000000
CMRotationMatrix(m11: 0.0, m12: 0.0, m13: 0.0, m21: 0.0, m22: 0.0, m23: 0.0, m31: 0.0, m32: 0.0, m33: 0.0)

20
8540.36790575
normal
simd_float4x4([[-0.022826627, -0.985004, -0.17101474, 0.0], [0.9895939, 0.0020462344, -0.14387436, 0.0], [0.14206676, -0.1725193, 0.9747072, 0.0], [-0.005166485, -0.0045166537, -0.003830444, 1.0]])
-0.005166485, -0.0045166537, -0.003830444
SIMD3<Float>(0.17338674, 0.1447341, -1.5687189)
0.00000000
CMRotationMatrix(m11: 0.0, m12: 0.0, m13: 0.0, m21: 0.0, m22: 0.0, m23: 0.0, m31: 0.0, m32: 0.0, m33: 0.0)

21
8540.584546625
normal
simd_float4x4([[-0.01857387, -0.9853031, -0.16980231, 0.0], [0.99138564, 0.0038733445, -0.13091862, 0.0], [0.12965222, -0.17077123, 0.9767434, 0.0], [-0.0023569022, -0.0035674917, -0.0037429687, 1.0000001]])
-0.0023569022, -0.0035674917, -0.0037429687
SIMD3<Float>(0.17161234, 0.13196781, -1.5668652)
0.00000000
CMRotationMatrix(m11: 0.0, m12: 0.0, m13: 0.0, m21: 0.0, m22: 0.0, m23: 0.0, m31: 0.0, m32: 0.0, m33: 0.0)

22
8540.801188083
normal
simd_float4x4([[-0.014969785, -0.98557365, -0.16858368, 0.0], [0.993665, 0.0041177226, -0.11230784, 0.0], [0.11138183, -0.16919692, 0.97926843, 0.0], [0.001735101, -0.0030022897, -0.0017692382, 1.0]])
0.001735101, -0.0030022897, -0.0017692382
SIMD3<Float>(0.17001478, 0.11325313, -1.5666183)
0.00000000
CMRotationMatrix(m11: 0.0, m12: 0.0, m13: 0.0, m21: 0.0, m22: 0.0, m23: 0.0, m31: 0.0, m32: 0.0, m33: 0.0)

23
8541.017829166
normal
simd_float4x4([[-0.010746027, -0.98538136, -0.17002362, 0.0], [0.9956739, 0.0051496034, -0.09277455, 0.0], [0.092293866, -0.17028502, 0.9810632, 0.0], [0.0019027335, -0.0026526488, -0.0006258935, 1.0]])
0.0019027335, -0.0026526488, -0.0006258935
SIMD3<Float>(0.1711189, 0.09379929, -1.5655704)
0.00000000
CMRotationMatrix(m11: 0.0, m12: 0.0, m13: 0.0, m21: 0.0, m22: 0.0, m23: 0.0, m31: 0.0, m32: 0.0, m33: 0.0)

24
8541.234470541
normal
simd_float4x4([[-0.0090730535, -0.98541313, -0.16993728, 0.0], [0.9972397, 0.00360765, -0.07416285, 0.0], [0.07369413, -0.17014107, 0.9826603, 0.0], [0.0005178447, -0.0029002614, 0.0007620277, 1.0]])
0.0005178447, -0.0029002614, 0.0007620277
SIMD3<Float>(0.17097282, 0.0748544, -1.5671353)
0.00000000
CMRotationMatrix(m11: 0.0, m12: 0.0, m13: 0.0, m21: 0.0, m22: 0.0, m23: 0.0, m31: 0.0, m32: 0.0, m33: 0.0)

25
8541.451111916
normal
simd_float4x4([[-0.0061783367, -0.9854238, -0.1700049, 0.0], [0.9987227, 0.0024451239, -0.05046872, 0.0], [0.050148763, -0.17009954, 0.98415005, 0.0], [0.0021714917, -0.0024416037, 0.0013173269, 1.0]])
0.0021714917, -0.0024416037, 0.0013173269
SIMD3<Float>(0.17093068, 0.050912384, -1.568315)
0.00000000
CMRotationMatrix(m11: 0.0, m12: 0.0, m13: 0.0, m21: 0.0, m22: 0.0, m23: 0.0, m31: 0.0, m32: 0.0, m33: 0.0)

26
8541.667753125
normal
simd_float4x4([[-0.0040236535, -0.9855795, -0.16916546, 0.0], [0.999699, 0.00012976024, -0.024534153, 0.0], [0.02420231, -0.16921325, 0.98528224, 0.0], [0.005100264, -0.0016392744, 0.00070343347, 0.99999994]])
0.005100264, -0.0016392744, 0.00070343347
SIMD3<Float>(0.17003135, 0.024558896, -1.5706646)
0.00000000
CMRotationMatrix(m11: 0.0, m12: 0.0, m13: 0.0, m21: 0.0, m22: 0.0, m23: 0.0, m31: 0.0, m32: 0.0, m33: 0.0)

27
8541.884394541
normal
simd_float4x4([[-0.001864419, -0.98484826, -0.17340854, 0.0], [0.9999941, -0.0023390162, 0.0025325646, 0.0], [-0.0028997976, -0.17340277, 0.98484683, 0.0], [0.008873527, -0.0016727828, 0.00024030925, 1.0000001]])
0.008873527, -0.0016727828, 0.00024030925
SIMD3<Float>(0.17428374, -0.0029444064, -1.5731714)
0.00000000
CMRotationMatrix(m11: 0.0, m12: 0.0, m13: 0.0, m21: 0.0, m22: 0.0, m23: 0.0, m31: 0.0, m32: 0.0, m33: 0.0)

28
8542.101035791
normal
simd_float4x4([[0.00421499, -0.9855594, -0.16927744, 0.0], [0.9996703, -0.00013484746, 0.025676783, 0.0], [-0.025328824, -0.16932985, 0.98523396, 0.0], [0.013187325, -0.0007159538, -0.0004457543, 0.99999994]])
0.013187325, -0.0007159538, -0.0004457543
SIMD3<Float>(0.17014967, -0.025702775, -1.5709331)
0.00000000
CMRotationMatrix(m11: 0.0, m12: 0.0, m13: 0.0, m21: 0.0, m22: 0.0, m23: 0.0, m31: 0.0, m32: 0.0, m33: 0.0)

29
8542.317677041
normal
simd_float4x4([[0.013279414, -0.9864552, -0.16349255, 0.0], [0.99870306, 0.005047268, 0.05066461, 0.0], [-0.049153183, -0.16395327, 0.98524284, 0.0], [0.018489692, -6.713805e-05, -0.0013916556, 1.0000001]])
0.018489692, -6.713805e-05, -0.0013916556
SIMD3<Float>(0.16469683, -0.04984808, -1.5656798)
0.00000000
CMRotationMatrix(m11: 0.0, m12: 0.0, m13: 0.0, m21: 0.0, m22: 0.0, m23: 0.0, m31: 0.0, m32: 0.0, m33: 0.0)

30
8542.534318375
normal
simd_float4x4([[0.016525602, -0.9863307, -0.16394703, 0.0], [0.99687433, 0.00358376, 0.0789229, 0.0], [-0.07725653, -0.16473883, 0.98330694, 0.0], [0.026135936, 0.0005818084, -0.0009033643, 1.0]])
0.026135936, 0.0005818084, -0.0009033643
SIMD3<Float>(0.16549322, -0.078407004, -1.5671629)
0.00000000
CMRotationMatrix(m11: 0.0, m12: 0.0, m13: 0.0, m21: 0.0, m22: 0.0, m23: 0.0, m31: 0.0, m32: 0.0, m33: 0.0)

31
8542.750959666
normal
simd_float4x4([[0.021893444, -0.98611766, -0.1645985, 0.0], [0.9943622, 0.00439238, 0.10594635, 0.0], [-0.10375259, -0.16599004, 0.9806543, 0.0], [0.030118007, 0.002056601, 0.0023017302, 0.99999994]])
0.030118007, 0.002056601, 0.0023017302
SIMD3<Float>(0.16676189, -0.10540723, -1.5663421)
0.00000000
CMRotationMatrix(m11: 0.0, m12: 0.0, m13: 0.0, m21: 0.0, m22: 0.0, m23: 0.0, m31: 0.0, m32: 0.0, m33: 0.0)

32
8542.967601125
normal
simd_float4x4([[0.023470368, -0.9881533, -0.15166497, 0.0], [0.9925713, 0.0049170777, 0.121565245, 0.0], [-0.11937934, -0.15339145, 0.980928, 0.0], [0.033406682, 0.0021849796, 0.0030799853, 1.0]])
0.033406682, 0.0021849796, 0.0030799853
SIMD3<Float>(0.15399943, -0.12110486, -1.5658203)
0.00000000
CMRotationMatrix(m11: 0.0, m12: 0.0, m13: 0.0, m21: 0.0, m22: 0.0, m23: 0.0, m31: 0.0, m32: 0.0, m33: 0.0)

33
8543.184242333
normal
simd_float4x4([[0.023441128, -0.9903369, -0.13668697, 0.0], [0.9911382, 0.005139852, 0.13273549, 0.0], [-0.1307503, -0.13858715, 0.9816812, 0.0], [0.03524554, 0.0019010403, 0.0019025747, 0.99999994]])
0.03524554, 0.0019010403, 0.0019025747
SIMD3<Float>(0.13903466, -0.13241088, -1.5656064)
0.00000000
CMRotationMatrix(m11: 0.0, m12: 0.0, m13: 0.0, m21: 0.0, m22: 0.0, m23: 0.0, m31: 0.0, m32: 0.0, m33: 0.0)

34
8543.400883916
normal
simd_float4x4([[0.02288681, -0.9939226, -0.10767585, 0.0], [0.9904152, 0.007866953, 0.13789816, 0.0], [-0.136213, -0.10979984, 0.9845761, 0.0], [0.0360206, -0.0008301526, 0.0007553696, 0.99999994]])
0.0360206, -0.0008301526, 0.0007553696
SIMD3<Float>(0.11002167, -0.13747421, -1.5628815)
0.00000000
CMRotationMatrix(m11: 0.0, m12: 0.0, m13: 0.0, m21: 0.0, m22: 0.0, m23: 0.0, m31: 0.0, m32: 0.0, m33: 0.0)

35
8543.61752525
normal
simd_float4x4([[0.01771653, -0.99551415, -0.092939265, 0.0], [0.9913848, 0.005425295, 0.1308698, 0.0], [-0.12977849, -0.09445711, 0.9870337, 0.0], [0.035475377, -0.0020190924, 0.00068881735, 1.0]])
0.035475377, -0.0020190924, 0.00068881735
SIMD3<Float>(0.09459814, -0.13073342, -1.5653466)
0.00000000
CMRotationMatrix(m11: 0.0, m12: 0.0, m13: 0.0, m21: 0.0, m22: 0.0, m23: 0.0, m31: 0.0, m32: 0.0, m33: 0.0)

36
8543.834166666
normal
simd_float4x4([[0.016783616, -0.996612, -0.08051587, 0.0], [0.9920057, 0.0065245624, 0.12602466, 0.0], [-0.12507237, -0.081987344, 0.98875433, 0.0], [0.03429436, -0.0037322827, 0.00029691774, 1.0]])
0.03429436, -0.0037322827, 0.00029691774
SIMD3<Float>(0.08207948, -0.12582663, -1.5642496)
0.00000000
CMRotationMatrix(m11: 0.0, m12: 0.0, m13: 0.0, m21: 0.0, m22: 0.0, m23: 0.0, m31: 0.0, m32: 0.0, m33: 0.0)

37
8544.050808
normal
simd_float4x4([[0.015184991, -0.9980795, -0.060055573, 0.0], [0.99321353, 0.00812981, 0.11602154, 0.0], [-0.11531048, -0.061409783, 0.9914295, 0.0], [0.03248986, -0.006044306, -0.0008452479, 1.0]])
0.03248986, -0.006044306, -0.0008452479
SIMD3<Float>(0.061448447, -0.11578707, -1.562651)
0.00000000
CMRotationMatrix(m11: 0.0, m12: 0.0, m13: 0.0, m21: 0.0, m22: 0.0, m23: 0.0, m31: 0.0, m32: 0.0, m33: 0.0)

38
8544.267449375
normal
simd_float4x4([[0.014442649, -0.99853843, -0.05208078, 0.0], [0.9937238, 0.008555713, 0.111534335, 0.0], [-0.11092573, -0.053364757, 0.992395, 0.0], [0.033714302, -0.0070263147, -0.0025754757, 1.0]])
0.033714302, -0.0070263147, -0.0025754757
SIMD3<Float>(0.05339012, -0.11131374, -1.5622283)
0.00000000
CMRotationMatrix(m11: 0.0, m12: 0.0, m13: 0.0, m21: 0.0, m22: 0.0, m23: 0.0, m31: 0.0, m32: 0.0, m33: 0.0)

39
8544.484090833
normal
simd_float4x4([[0.010587995, -0.9992976, -0.0359459, 0.0], [0.99387085, 0.0065609952, 0.11035227, 0.0], [-0.11003893, -0.03689399, 0.9932424, 0.0], [0.035438653, -0.008840963, -0.005743064, 0.99999994]])
0.035438653, -0.008840963, -0.005743064
SIMD3<Float>(0.036902364, -0.11033764, -1.5642308)
0.00000000
CMRotationMatrix(m11: 0.0, m12: 0.0, m13: 0.0, m21: 0.0, m22: 0.0, m23: 0.0, m31: 0.0, m32: 0.0, m33: 0.0)

40
8544.70073225
normal
simd_float4x4([[0.009909592, -0.9997194, -0.021516358, 0.0], [0.9946766, 0.007647901, 0.10276292, 0.0], [-0.10256953, -0.02242015, 0.9944732, 0.0], [0.03558467, -0.010223647, -0.0071089934, 1.0000001]])
0.03558467, -0.010223647, -0.0071089934
SIMD3<Float>(0.022422029, -0.10277615, -1.5631465)
0.00000000
CMRotationMatrix(m11: 0.0, m12: 0.0, m13: 0.0, m21: 0.0, m22: 0.0, m23: 0.0, m31: 0.0, m32: 0.0, m33: 0.0)

41
8544.917373833
normal
simd_float4x4([[0.0093475245, -0.99985164, -0.014467529, 0.0], [0.9948876, 0.007844239, 0.10068482, 0.0], [-0.1005564, -0.015334718, 0.9948132, 0.0], [0.03584823, -0.010467475, -0.007538623, 0.99999994]])
0.03584823, -0.010467475, -0.007538623
SIMD3<Float>(0.015335319, -0.100738525, -1.5629511)
0.00000000
CMRotationMatrix(m11: 0.0, m12: 0.0, m13: 0.0, m21: 0.0, m22: 0.0, m23: 0.0, m31: 0.0, m32: 0.0, m33: 0.0)

42
8545.13401525
normal
simd_float4x4([[0.009520312, -0.99993855, -0.005680465, 0.0], [0.9952814, 0.00892709, 0.09661985, 0.0], [-0.09656321, -0.0065735118, 0.9953052, 0.0], [0.036047112, -0.010670483, -0.009805169, 1.0]])
0.036047112, -0.010670483, -0.009805169
SIMD3<Float>(0.0065735593, -0.09671601, -1.5618689)
0.00000000
CMRotationMatrix(m11: 0.0, m12: 0.0, m13: 0.0, m21: 0.0, m22: 0.0, m23: 0.0, m31: 0.0, m32: 0.0, m33: 0.0)

43
8545.35065675
normal
simd_float4x4([[0.010975748, -0.999938, 0.0018986164, 0.0], [0.9956048, 0.011104755, 0.09299419, 0.0], [-0.093009524, 0.00086959044, 0.9956649, 0.0], [0.03594634, -0.010155059, -0.011078468, 1.0]])
0.03594634, -0.010155059, -0.011078468
SIMD3<Float>(-0.00086959056, -0.09314418, -1.5596913)
0.00000000
CMRotationMatrix(m11: 0.0, m12: 0.0, m13: 0.0, m21: 0.0, m22: 0.0, m23: 0.0, m31: 0.0, m32: 0.0, m33: 0.0)

44
8545.56729825
normal
simd_float4x4([[0.011918836, -0.9999119, 0.005842423, 0.0], [0.9958912, 0.012395052, 0.08970549, 0.0], [-0.089770004, 0.004749233, 0.99595124, 0.0], [0.03596487, -0.0103433505, -0.011689094, 1.0]])
0.03596487, -0.0103433505, -0.011689094
SIMD3<Float>(-0.0047492506, -0.08989203, -1.5584009)
0.00000000
CMRotationMatrix(m11: 0.0, m12: 0.0, m13: 0.0, m21: 0.0, m22: 0.0, m23: 0.0, m31: 0.0, m32: 0.0, m33: 0.0)

45
8545.78393975
normal
simd_float4x4([[0.009617411, -0.9998534, 0.014171993, 0.0], [0.996783, 0.010713725, 0.07943033, 0.0], [-0.07957051, 0.013362485, 0.9967398, 0.0], [0.03651318, -0.011041788, -0.0127717415, 1.0]])
0.03651318, -0.011041788, -0.0127717415
SIMD3<Float>(-0.013362883, -0.07966183, -1.5600815)
0.00000000
CMRotationMatrix(m11: 0.0, m12: 0.0, m13: 0.0, m21: 0.0, m22: 0.0, m23: 0.0, m31: 0.0, m32: 0.0, m33: 0.0)

46
8546.000581
normal
simd_float4x4([[0.008284243, -0.99967724, 0.024014184, 0.0], [0.9981217, 0.009724352, 0.060486432, 0.0], [-0.060700435, 0.02346799, 0.99788016, 0.0], [0.03430184, -0.011662988, -0.013981267, 1.0]])
0.03430184, -0.011662988, -0.013981267
SIMD3<Float>(-0.023470145, -0.060754523, -1.5610691)
0.00000000
CMRotationMatrix(m11: 0.0, m12: 0.0, m13: 0.0, m21: 0.0, m22: 0.0, m23: 0.0, m31: 0.0, m32: 0.0, m33: 0.0)

47
8546.2172225
normal
simd_float4x4([[0.005399763, -0.9997345, 0.02239765, 0.0], [0.9989944, 0.0063899714, 0.0443771, 0.0], [-0.044508435, 0.022135502, 0.99876374, 0.0], [0.030461662, -0.012209948, -0.014056743, 1.0]])
0.030461662, -0.012209948, -0.014056743
SIMD3<Float>(-0.02213731, -0.04453406, -1.5644047)
0.00000000
CMRotationMatrix(m11: 0.0, m12: 0.0, m13: 0.0, m21: 0.0, m22: 0.0, m23: 0.0, m31: 0.0, m32: 0.0, m33: 0.0)

48
8546.433864083
normal
simd_float4x4([[0.005929559, -0.99977165, 0.020528078, 0.0], [0.9996111, 0.006485489, 0.027121706, 0.0], [-0.027248645, 0.020359274, 0.99942136, 0.0], [0.028628487, -0.012840653, -0.014326389, 1.0]])
0.028628487, -0.012840653, -0.014326389
SIMD3<Float>(-0.02036068, -0.02725767, -1.5643095)
0.00000000
CMRotationMatrix(m11: 0.0, m12: 0.0, m13: 0.0, m21: 0.0, m22: 0.0, m23: 0.0, m31: 0.0, m32: 0.0, m33: 0.0)

49
8546.6505055
normal
simd_float4x4([[0.0070961486, -0.9998236, 0.017391853, 0.0], [0.99992996, 0.007259551, 0.009350346, 0.0], [-0.009474954, 0.017324284, 0.9998051, 0.0], [0.025330389, -0.012318575, -0.014602599, 1.0000001]])
0.025330389, -0.012318575, -0.014602599
SIMD3<Float>(-0.01732515, -0.009476517, -1.5635356)
0.00000000
CMRotationMatrix(m11: 0.0, m12: 0.0, m13: 0.0, m21: 0.0, m22: 0.0, m23: 0.0, m31: 0.0, m32: 0.0, m33: 0.0)

50
8546.867147125
normal
simd_float4x4([[0.0054554874, -0.9999373, 0.009772587, 0.0], [0.9999851, 0.0054588863, 0.000321166, 0.0], [-0.00037449383, 0.009770688, 0.99995226, 0.0], [0.023822887, -0.012117777, -0.016038887, 0.99999994]])
0.023822887, -0.012117777, -0.016038887
SIMD3<Float>(-0.009770843, -0.0003745117, -1.5653372)
0.00000000
CMRotationMatrix(m11: 0.0, m12: 0.0, m13: 0.0, m21: 0.0, m22: 0.0, m23: 0.0, m31: 0.0, m32: 0.0, m33: 0.0)

51
8547.083788541
normal
simd_float4x4([[0.0039651697, -0.9999918, 0.0008184589, 0.0], [0.99987805, 0.0039523533, -0.015107943, 0.0], [0.015104583, 0.00087826466, 0.99988556, 0.0], [0.020865751, -0.01269991, -0.018414885, 0.9999999]])
0.020865751, -0.01269991, -0.018414885
SIMD3<Float>(-0.0008782648, 0.015105164, -1.566844)
0.00000000
CMRotationMatrix(m11: 0.0, m12: 0.0, m13: 0.0, m21: 0.0, m22: 0.0, m23: 0.0, m31: 0.0, m32: 0.0, m33: 0.0)

52
8547.300430166
normal
simd_float4x4([[0.0040040514, -0.999975, -0.0058128955, 0.0], [0.9996945, 0.0041445657, -0.024365488, 0.0], [0.024388973, -0.005713559, 0.9996862, 0.0], [0.020035135, -0.012757999, -0.017794373, 0.9999999]])
0.020035135, -0.012757999, -0.017794373
SIMD3<Float>(0.0057135904, 0.02439179, -1.5666517)
0.00000000
CMRotationMatrix(m11: 0.0, m12: 0.0, m13: 0.0, m21: 0.0, m22: 0.0, m23: 0.0, m31: 0.0, m32: 0.0, m33: 0.0)

53
8547.517071583
normal
simd_float4x4([[0.0057375156, -0.99982476, -0.0178195, 0.0], [0.99976474, 0.006108199, -0.020817852, 0.0], [0.020923046, -0.017695861, 0.9996245, 0.0], [0.019239292, -0.012011791, -0.0181761, 0.99999994]])
0.019239292, -0.012011791, -0.0181761
SIMD3<Float>(0.017696785, 0.02092785, -1.5646871)
0.00000000
CMRotationMatrix(m11: 0.0, m12: 0.0, m13: 0.0, m21: 0.0, m22: 0.0, m23: 0.0, m31: 0.0, m32: 0.0, m33: 0.0)

54
8547.733713166
normal
simd_float4x4([[0.0003497377, -0.99916303, -0.040902816, 0.0], [0.99971455, 0.001326508, -0.02385557, 0.0], [0.023889862, -0.040882796, 0.99887836, 0.0], [0.020743636, -0.009312678, -0.018765492, 0.99999994]])
0.020743636, -0.009312678, -0.018765492
SIMD3<Float>(0.04089419, 0.02391213, -1.5694687)
0.00000000
CMRotationMatrix(m11: 0.0, m12: 0.0, m13: 0.0, m21: 0.0, m22: 0.0, m23: 0.0, m31: 0.0, m32: 0.0, m33: 0.0)

55
8547.9503545
normal
simd_float4x4([[-0.001917939, -0.9983013, -0.0582303, 0.0], [0.9995542, -0.00017886222, -0.029856034, 0.0], [0.0297949, -0.058261603, 0.99785674, 0.0], [0.02160989, -0.0065479875, -0.018863555, 1.0]])
0.02160989, -0.0065479875, -0.018863555
SIMD3<Float>(0.058294613, 0.029850027, -1.5709755)
0.00000000
CMRotationMatrix(m11: 0.0, m12: 0.0, m13: 0.0, m21: 0.0, m22: 0.0, m23: 0.0, m31: 0.0, m32: 0.0, m33: 0.0)

56
8548.166996208
normal
simd_float4x4([[-0.005145806, -0.9964381, -0.08417028, 0.0], [0.9993653, -0.0021573321, -0.035557583, 0.0], [0.03524935, -0.08429983, 0.9958168, 0.0], [0.023862656, -0.0021662726, -0.014379179, 0.99999994]])
0.023862656, -0.0021662726, -0.014379179
SIMD3<Float>(0.0844, 0.03538265, -1.5729613)
0.00000000
CMRotationMatrix(m11: 0.0, m12: 0.0, m13: 0.0, m21: 0.0, m22: 0.0, m23: 0.0, m31: 0.0, m32: 0.0, m33: 0.0)

57
8548.383637791
normal
simd_float4x4([[-0.006333742, -0.9943605, -0.105863355, 0.0], [0.9991973, -0.0021054086, -0.040005557, 0.0], [0.039557062, -0.10603175, 0.99357563, 0.0], [0.02670547, 0.0026368797, -0.008562139, 1.0]])
0.02670547, 0.0026368797, -0.008562139
SIMD3<Float>(0.10623144, 0.03979182, -1.5729136)
0.00000000
CMRotationMatrix(m11: 0.0, m12: 0.0, m13: 0.0, m21: 0.0, m22: 0.0, m23: 0.0, m31: 0.0, m32: 0.0, m33: 0.0)

58
8548.600279333
normal
simd_float4x4([[-0.008327897, -0.9931446, -0.11659592, 0.0], [0.9990473, -0.0032679583, -0.043521315, 0.0], [0.042841922, -0.116847254, 0.9922256, 0.0], [0.027466834, 0.002875112, -0.008572253, 1.0]])
0.027466834, 0.002875112, -0.008572253
SIMD3<Float>(0.11711479, 0.0431508, -1.5740868)
0.00000000
CMRotationMatrix(m11: 0.0, m12: 0.0, m13: 0.0, m21: 0.0, m22: 0.0, m23: 0.0, m31: 0.0, m32: 0.0, m33: 0.0)

59
8548.816920833
normal
simd_float4x4([[-0.012266497, -0.99001837, -0.14040376, 0.0], [0.9992391, -0.006936981, -0.038385183, 0.0], [0.037028052, -0.14076775, 0.9893501, 0.0], [0.028149797, 0.0022357171, -0.006700578, 1.0000001]])
0.028149797, 0.0022357171, -0.006700578
SIMD3<Float>(0.14123684, 0.037409183, -1.5778031)
0.00000000
CMRotationMatrix(m11: 0.0, m12: 0.0, m13: 0.0, m21: 0.0, m22: 0.0, m23: 0.0, m31: 0.0, m32: 0.0, m33: 0.0)

60
8549.033562458
normal
simd_float4x4([[-0.0065892558, -0.9898584, -0.14190401, 0.0], [0.9995223, -0.0022353423, -0.030819679, 0.0], [0.030189915, -0.14203933, 0.9894005, 0.0], [0.027756788, 0.0024084533, -0.007969449, 0.9999999]])
0.027756788, 0.0024084533, -0.007969449
SIMD3<Float>(0.14252132, 0.030503877, -1.5730546)
0.00000000
CMRotationMatrix(m11: 0.0, m12: 0.0, m13: 0.0, m21: 0.0, m22: 0.0, m23: 0.0, m31: 0.0, m32: 0.0, m33: 0.0)

61
8549.250204041
normal
simd_float4x4([[-0.008190649, -0.98958784, -0.14369628, 0.0], [0.9996291, -0.0043705804, -0.026879864, 0.0], [0.025971951, -0.14386314, 0.98925674, 0.0], [0.027967174, 0.0016266145, -0.005142047, 1.0]])
0.027967174, 0.0016266145, -0.005142047
SIMD3<Float>(0.14436407, 0.026247974, -1.5752128)
0.00000000
CMRotationMatrix(m11: 0.0, m12: 0.0, m13: 0.0, m21: 0.0, m22: 0.0, m23: 0.0, m31: 0.0, m32: 0.0, m33: 0.0)

62
8549.466845583
normal
simd_float4x4([[-0.009405979, -0.98894536, -0.14798214, 0.0], [0.99972117, -0.0060942476, -0.0228168, 0.0], [0.021662727, -0.14815547, 0.98872685, 0.0], [0.02657366, 0.0011754475, -0.0018110824, 1.0000001]])
0.02657366, 0.0011754475, -0.0018110824
SIMD3<Float>(0.14870289, 0.021906214, -1.5769587)
0.00000000
CMRotationMatrix(m11: 0.0, m12: 0.0, m13: 0.0, m21: 0.0, m22: 0.0, m23: 0.0, m31: 0.0, m32: 0.0, m33: 0.0)
