ARKit Data

1
6751.477713291
normal
simd_float4x4([[0.010085288, -0.99358916, 0.11260022, 0.0], [0.99985003, 0.011605031, 0.012849503, 0.0], [-0.01407385, 0.11245375, 0.99355733, 0.0], [-0.0009237854, -0.0021524653, -0.0005279896, 1.0]])
-0.0009237854, -0.0021524653, -0.0005279896
SIMD3<Float>(-0.112692125, -0.014164164, -1.559117)
0.00000000
CMRotationMatrix(m11: 0.0, m12: 0.0, m13: 0.0, m21: 0.0, m22: 0.0, m23: 0.0, m31: 0.0, m32: 0.0, m33: 0.0)

2
6752.494258958
normal
simd_float4x4([[-0.006505501, -0.98941183, 0.14498936, 0.0], [0.9989965, -4.9760783e-06, 0.044789832, 0.0], [-0.04431487, 0.14513522, 0.988419, 0.0], [-0.0073004244, 0.0039570467, -0.001308514, 1.0000001]])
-0.0073004244, 0.0039570467, -0.001308514
SIMD3<Float>(-0.14564964, -0.04480409, -1.5708014)
0.00000000
CMRotationMatrix(m11: 0.0, m12: 0.0, m13: 0.0, m21: 0.0, m22: 0.0, m23: 0.0, m31: 0.0, m32: 0.0, m33: 0.0)

3
6753.510804791
normal
simd_float4x4([[-0.020818414, -0.9886784, 0.14859906, 0.0], [0.9997604, -0.019580381, 0.009789607, 0.0], [-0.006769141, 0.14876725, 0.98884916, 0.0], [0.08259534, -0.00601634, 0.0007130746, 1.0]])
0.08259534, -0.00601634, 0.0007130746
SIMD3<Float>(-0.14932153, -0.006845367, -1.5905983)
0.00000000
CMRotationMatrix(m11: 0.0, m12: 0.0, m13: 0.0, m21: 0.0, m22: 0.0, m23: 0.0, m31: 0.0, m32: 0.0, m33: 0.0)

4
6754.527350916
normal
simd_float4x4([[0.008700738, -0.9912627, 0.13161513, 0.0], [0.9972347, 0.01831621, 0.072024375, 0.0], [-0.073805764, 0.1306245, 0.988681, 0.0], [0.3665806, 0.02260009, -0.018026883, 1.0000001]])
0.3665806, 0.02260009, -0.018026883
SIMD3<Float>(-0.13099885, -0.07451253, -1.5523207)
0.00000000
CMRotationMatrix(m11: 0.0, m12: 0.0, m13: 0.0, m21: 0.0, m22: 0.0, m23: 0.0, m31: 0.0, m32: 0.0, m33: 0.0)

5
6755.543897
normal
simd_float4x4([[0.006277579, -0.9869386, 0.16097483, 0.0], [0.99911636, -0.00049973285, -0.04202668, 0.0], [0.041558195, 0.16109641, 0.98606336, 0.0], [0.24156018, 0.0055054687, -0.027532667, 1.0]])
0.24156018, 0.0055054687, -0.027532667
SIMD3<Float>(-0.16180147, 0.042120636, -1.5713027)
0.00000000
CMRotationMatrix(m11: 0.0, m12: 0.0, m13: 0.0, m21: 0.0, m22: 0.0, m23: 0.0, m31: 0.0, m32: 0.0, m33: 0.0)

6
6756.560443333
normal
simd_float4x4([[0.022022482, -0.98663646, 0.16144203, 0.0], [0.99825037, 0.012837294, -0.057718605, 0.0], [0.054874804, 0.16243067, 0.9851929, 0.0], [-0.0035542217, 0.009772316, -0.06588764, 1.0]])
-0.0035542217, 0.009772316, -0.06588764
SIMD3<Float>(-0.16315354, 0.055642057, -1.5577859)
0.00000000
CMRotationMatrix(m11: 0.0, m12: 0.0, m13: 0.0, m21: 0.0, m22: 0.0, m23: 0.0, m31: 0.0, m32: 0.0, m33: 0.0)

7
6757.57698975
normal
simd_float4x4([[-0.03751517, -0.9905831, 0.13167275, 0.0], [0.9979225, -0.030230384, 0.056894977, 0.0], [-0.052378677, 0.13353361, 0.9896592, 0.0], [-0.338758, 0.0144294575, -0.029575089, 1.0]])
-0.338758, 0.0144294575, -0.029575089
SIMD3<Float>(-0.13393368, -0.05287664, -1.6013047)
0.00000000
CMRotationMatrix(m11: 0.0, m12: 0.0, m13: 0.0, m21: 0.0, m22: 0.0, m23: 0.0, m31: 0.0, m32: 0.0, m33: 0.0)

8
6758.593536041
normal
simd_float4x4([[0.006182617, -0.98812366, 0.15353678, 0.0], [0.9915202, -0.013873059, -0.12921, 0.0], [0.12980548, 0.15303367, 0.9796588, 0.0], [-0.5206177, 0.003995452, -0.009001005, 1.0]])
-0.5206177, 0.003995452, -0.009001005
SIMD3<Float>(-0.15363738, 0.13173336, -1.5848352)
0.00000000
CMRotationMatrix(m11: 0.0, m12: 0.0, m13: 0.0, m21: 0.0, m22: 0.0, m23: 0.0, m31: 0.0, m32: 0.0, m33: 0.0)

9
6759.6100825
normal
simd_float4x4([[-0.0120907845, -0.97818154, 0.20739992, 0.0], [0.9981299, -0.024235936, -0.056118492, 0.0], [0.059920605, 0.20633353, 0.97664535, 0.0], [-0.3643365, -0.0055292374, -0.013549055, 1.0000001]])
-0.3643365, -0.0055292374, -0.013549055
SIMD3<Float>(-0.20782638, 0.061276685, -1.5955678)
0.00000000
CMRotationMatrix(m11: 0.0, m12: 0.0, m13: 0.0, m21: 0.0, m22: 0.0, m23: 0.0, m31: 0.0, m32: 0.0, m33: 0.0)

10
6760.626629166
normal
simd_float4x4([[-0.015427473, -0.9794951, 0.20087652, 0.0], [0.9994576, -0.009260109, 0.031605847, 0.0], [-0.029097632, 0.20125514, 0.9791066, 0.0], [-0.042432316, 0.025600072, -0.022780502, 1.0]])
-0.042432316, 0.025600072, -0.022780502
SIMD3<Float>(-0.20263912, -0.029709809, -1.58025)
0.00000000
CMRotationMatrix(m11: 0.0, m12: 0.0, m13: 0.0, m21: 0.0, m22: 0.0, m23: 0.0, m31: 0.0, m32: 0.0, m33: 0.0)

11
6761.643175875
normal
simd_float4x4([[-0.046660967, -0.9850752, 0.1656795, 0.0], [0.9920163, -0.02624371, 0.123349085, 0.0], [-0.117160074, 0.17011233, 0.97843516, 0.0], [0.033770192, 0.019785583, 0.019466205, 1.0]])
0.033770192, 0.019785583, 0.019466205
SIMD3<Float>(-0.17094366, -0.119174875, -1.5974313)
0.00000000
CMRotationMatrix(m11: 0.0, m12: 0.0, m13: 0.0, m21: 0.0, m22: 0.0, m23: 0.0, m31: 0.0, m32: 0.0, m33: 0.0)
