ARKit Data

1
6717.191190375
normal
simd_float4x4([[-0.05208517, -0.9831356, 0.17530409, 0.0], [0.9956135, -0.037458733, 0.08573494, 0.0], [-0.0777224, 0.17900063, 0.98077416, 0.0], [-0.009521857, 0.018918864, -0.00820897, 0.99999994]])
-0.009521857, 0.018918864, -0.00820897
SIMD3<Float>(-0.17997058, -0.07908071, -1.6088792)
0.00000000
CMRotationMatrix(m11: 0.0, m12: 0.0, m13: 0.0, m21: 0.0, m22: 0.0, m23: 0.0, m31: 0.0, m32: 0.0, m33: 0.0)

2
6718.2077365
normal
simd_float4x4([[-0.045061775, -0.98247224, 0.18088046, 0.0], [0.9988568, -0.041418616, 0.02386997, 0.0], [-0.015959766, 0.18174927, 0.9832155, 0.0], [0.0019262613, 0.028547915, -0.03014964, 1.0]])
0.0019262613, 0.028547915, -0.03014964
SIMD3<Float>(-0.18276505, -0.01623079, -1.6129289)
0.00000000
CMRotationMatrix(m11: 0.0, m12: 0.0, m13: 0.0, m21: 0.0, m22: 0.0, m23: 0.0, m31: 0.0, m32: 0.0, m33: 0.0)

3
6719.224282791
normal
simd_float4x4([[0.015513388, -0.98577714, 0.16733976, 0.0], [0.98135644, -0.01705365, -0.19143844, 0.0], [0.1915694, 0.1671898, 0.96713424, 0.0], [-0.062606595, 0.04379217, -0.07463551, 0.9999999]])
-0.062606595, 0.04379217, -0.07463551
SIMD3<Float>(-0.16797866, 0.19554818, -1.5880944)
0.00000000
CMRotationMatrix(m11: 0.0, m12: 0.0, m13: 0.0, m21: 0.0, m22: 0.0, m23: 0.0, m31: 0.0, m32: 0.0, m33: 0.0)

4
6720.240829125
normal
simd_float4x4([[0.031382665, -0.984629, 0.17181562, 0.0], [0.99852014, 0.023246804, -0.049161702, 0.0], [0.044411883, 0.1731042, 0.98390156, 0.0], [-0.30149746, 0.036871787, -0.034277063, 0.9999998]])
-0.30149746, 0.036871787, -0.034277063
SIMD3<Float>(-0.17398058, 0.045107923, -1.547191)
0.00000000
CMRotationMatrix(m11: 0.0, m12: 0.0, m13: 0.0, m21: 0.0, m22: 0.0, m23: 0.0, m31: 0.0, m32: 0.0, m33: 0.0)

5
6721.257375708
normal
simd_float4x4([[0.038260903, -0.9865017, 0.15921785, 0.0], [0.99889034, 0.042137012, 0.02103908, 0.0], [-0.027464056, 0.15823619, 0.98701924, 0.0], [-0.37332353, 0.032579824, -0.02135528, 0.99999994]])
-0.37332353, 0.032579824, -0.02135528
SIMD3<Float>(-0.15890408, -0.02781807, -1.5281087)
0.00000000
CMRotationMatrix(m11: 0.0, m12: 0.0, m13: 0.0, m21: 0.0, m22: 0.0, m23: 0.0, m31: 0.0, m32: 0.0, m33: 0.0)

6
6722.273922333
normal
simd_float4x4([[-0.013967614, -0.98106104, 0.19319445, 0.0], [0.9961033, -0.030479074, -0.082759336, 0.0], [0.08708035, 0.19128567, 0.9776639, 0.0], [-0.30757195, 0.03359511, -0.034718048, 0.9999999]])
-0.30757195, 0.03359511, -0.034718048
SIMD3<Float>(-0.19247183, 0.088835396, -1.6018538)
0.00000000
CMRotationMatrix(m11: 0.0, m12: 0.0, m13: 0.0, m21: 0.0, m22: 0.0, m23: 0.0, m31: 0.0, m32: 0.0, m33: 0.0)

7
6723.290468791
normal
simd_float4x4([[-0.022396894, -0.97394204, 0.22568773, 0.0], [0.9876774, -0.056530003, -0.14593634, 0.0], [0.1548917, 0.21963817, 0.9632068, 0.0], [0.070896626, 0.036674406, -0.021685148, 0.9999998]])
0.070896626, 0.036674406, -0.021685148
SIMD3<Float>(-0.22144356, 0.15944333, -1.6287738)
0.00000000
CMRotationMatrix(m11: 0.0, m12: 0.0, m13: 0.0, m21: 0.0, m22: 0.0, m23: 0.0, m31: 0.0, m32: 0.0, m33: 0.0)

8
6724.307015541
normal
simd_float4x4([[-0.0119918445, -0.97561216, 0.21917325, 0.0], [0.9857427, -0.048323844, -0.16117139, 0.0], [0.1678321, 0.21411566, 0.96228206, 0.0], [0.31777313, 0.033297587, -0.061667792, 0.9999999]])
0.31777313, 0.033297587, -0.061667792
SIMD3<Float>(-0.21578641, 0.17267364, -1.6202877)
0.00000000
CMRotationMatrix(m11: 0.0, m12: 0.0, m13: 0.0, m21: 0.0, m22: 0.0, m23: 0.0, m31: 0.0, m32: 0.0, m33: 0.0)

9
6725.323562333
normal
simd_float4x4([[-0.009976539, -0.9783034, 0.20693631, 0.0], [0.98957485, -0.039393365, -0.13852635, 0.0], [0.14367275, 0.20339698, 0.9684976, 0.0], [0.54661345, 0.05066808, -0.1452322, 0.9999998]])
0.54661345, 0.05066808, -0.1452322
SIMD3<Float>(-0.20482618, 0.14727196, -1.6110417)
0.00000000
CMRotationMatrix(m11: 0.0, m12: 0.0, m13: 0.0, m21: 0.0, m22: 0.0, m23: 0.0, m31: 0.0, m32: 0.0, m33: 0.0)

10
6726.340109083
normal
simd_float4x4([[0.009593434, -0.9810854, 0.19333701, 0.0], [0.9871337, -0.021569332, -0.15843506, 0.0], [0.1596085, 0.1923694, 0.96825564, 0.0], [0.67606944, 0.053201053, -0.12251178, 0.9999999]])
0.67606944, 0.053201053, -0.12251178
SIMD3<Float>(-0.19357608, 0.1633721, -1.592778)
0.00000000
CMRotationMatrix(m11: 0.0, m12: 0.0, m13: 0.0, m21: 0.0, m22: 0.0, m23: 0.0, m31: 0.0, m32: 0.0, m33: 0.0)

11
6727.356655916
normal
simd_float4x4([[0.047917943, -0.977272, 0.20650241, 0.0], [0.98214495, 0.008445171, -0.18793555, 0.0], [0.1819202, 0.21182078, 0.96022755, 0.0], [0.55308056, 0.040588193, -0.14604583, 0.99999994]])
0.55308056, 0.040588193, -0.14604583
SIMD3<Float>(-0.21343765, 0.18723617, -1.562155)
0.00000000
CMRotationMatrix(m11: 0.0, m12: 0.0, m13: 0.0, m21: 0.0, m22: 0.0, m23: 0.0, m31: 0.0, m32: 0.0, m33: 0.0)

12
6728.373202875
normal
simd_float4x4([[0.024409715, -0.97954816, 0.1997234, 0.0], [0.987154, -0.007936793, -0.15957381, 0.0], [0.1578954, 0.2010529, 0.96677125, 0.0], [0.25867423, 0.030791715, -0.13880298, 0.99999994]])
0.25867423, 0.030791715, -0.13880298
SIMD3<Float>(-0.20243265, 0.16189304, -1.5788987)
0.00000000
CMRotationMatrix(m11: 0.0, m12: 0.0, m13: 0.0, m21: 0.0, m22: 0.0, m23: 0.0, m31: 0.0, m32: 0.0, m33: 0.0)

13
6729.389749791
normal
simd_float4x4([[0.0043292865, -0.97936773, 0.20203954, 0.0], [0.9868058, -0.028516762, -0.15937753, 0.0], [0.16185075, 0.20006374, 0.9663223, 0.0], [-0.021879636, 0.024150088, -0.1283095, 0.99999994]])
-0.021879636, 0.024150088, -0.1283095
SIMD3<Float>(-0.20142297, 0.16595109, -1.5999056)
0.00000000
CMRotationMatrix(m11: 0.0, m12: 0.0, m13: 0.0, m21: 0.0, m22: 0.0, m23: 0.0, m31: 0.0, m32: 0.0, m33: 0.0)
