ARKit Data

1
11396.487100833
normal
simd_float4x4([[-0.022151504, -0.9990071, 0.03865399, 0.0], [0.999529, -0.022951178, -0.020368407, 0.0], [0.021235328, 0.038184594, 0.9990451, 0.0], [0.00052586943, 0.0001571253, 0.00056762993, 1.0]])
0.00052586943, 0.0001571253, 0.00056762993
SIMD3<Float>(-0.03819388, 0.021252425, -1.5937663)
0.00000000
CMRotationMatrix(m11: 0.0, m12: 0.0, m13: 0.0, m21: 0.0, m22: 0.0, m23: 0.0, m31: 0.0, m32: 0.0, m33: 0.0)

2
11397.503646708
normal
simd_float4x4([[-0.0252277, -0.9978113, 0.061125018, 0.0], [0.99913514, -0.027188463, -0.031461313, 0.0], [0.033054348, 0.060278457, 0.9976342, 0.0], [-0.0026272428, 0.0006927401, 0.0010791896, 1.0]])
-0.0026272428, 0.0006927401, 0.0010791896
SIMD3<Float>(-0.06031502, 0.033120617, -1.5980377)
0.00000000
CMRotationMatrix(m11: 0.0, m12: 0.0, m13: 0.0, m21: 0.0, m22: 0.0, m23: 0.0, m31: 0.0, m32: 0.0, m33: 0.0)

3
11398.520192583
normal
simd_float4x4([[-0.037350174, -0.9959753, 0.0814749, 0.0], [0.9958501, -0.030326037, 0.085807905, 0.0], [-0.082991734, 0.08434173, 0.9929747, 0.0], [-0.02407122, -0.0026169457, -0.002931566, 1.0]])
-0.02407122, -0.0026169457, -0.002931566
SIMD3<Float>(-0.08444204, -0.0833851, -1.6012355)
0.00000000
CMRotationMatrix(m11: 0.0, m12: 0.0, m13: 0.0, m21: 0.0, m22: 0.0, m23: 0.0, m31: 0.0, m32: 0.0, m33: 0.0)

4
11399.536738583
normal
simd_float4x4([[-0.028884685, -0.99507344, 0.09484005, 0.0], [0.9993028, -0.030992093, -0.020823075, 0.0], [0.023659779, 0.09417244, 0.99527484, 0.0], [0.13823399, -0.0020240135, 0.0092939455, 1.0]])
0.13823399, -0.0020240135, 0.0092939455
SIMD3<Float>(-0.09431219, 0.02376763, -1.6019318)
0.00000000
CMRotationMatrix(m11: 0.0, m12: 0.0, m13: 0.0, m21: 0.0, m22: 0.0, m23: 0.0, m31: 0.0, m32: 0.0, m33: 0.0)

5
11400.553284541
normal
simd_float4x4([[-0.022669202, -0.9935678, 0.110946804, 0.0], [0.9924205, -0.035771105, -0.117566586, 0.0], [0.12077905, 0.10744075, 0.986848, 0.0], [0.13783814, -0.009591097, 0.0056177294, 1.0]])
0.13783814, -0.009591097, 0.0056177294
SIMD3<Float>(-0.10764854, 0.121783055, -1.6067835)
0.00000000
CMRotationMatrix(m11: 0.0, m12: 0.0, m13: 0.0, m21: 0.0, m22: 0.0, m23: 0.0, m31: 0.0, m32: 0.0, m33: 0.0)

6
11401.56983075
normal
simd_float4x4([[-0.005824324, -0.995573, 0.09381114, 0.0], [0.9998312, -0.0041630575, 0.017894607, 0.0], [-0.017424846, 0.09389953, 0.99542916, 0.0], [-0.030899748, -0.011591982, -0.016770381, 1.0]])
-0.030899748, -0.011591982, -0.016770381
SIMD3<Float>(-0.09403807, -0.01750307, -1.5749779)
0.00000000
CMRotationMatrix(m11: 0.0, m12: 0.0, m13: 0.0, m21: 0.0, m22: 0.0, m23: 0.0, m31: 0.0, m32: 0.0, m33: 0.0)

7
11402.586376916
normal
simd_float4x4([[0.020168545, -0.99001145, 0.13953716, 0.0], [0.9866411, 0.042274486, 0.15732807, 0.0], [-0.16165543, 0.13450001, 0.9776386, 0.0], [-0.102010585, -0.020581648, -0.038162135, 0.9999999]])
-0.102010585, -0.020581648, -0.038162135
SIMD3<Float>(-0.13490887, -0.1638702, -1.5281212)
0.00000000
CMRotationMatrix(m11: 0.0, m12: 0.0, m13: 0.0, m21: 0.0, m22: 0.0, m23: 0.0, m31: 0.0, m32: 0.0, m33: 0.0)

8
11403.602923375
normal
simd_float4x4([[-0.01958267, -0.9911099, 0.1315964, 0.0], [0.9632808, 0.016549453, 0.26798555, 0.0], [-0.26778102, 0.13201216, 0.954393, 0.0], [-0.069259524, -0.015557114, -0.02442023, 1.0]])
-0.069259524, -0.015557114, -0.02442023
SIMD3<Float>(-0.13239864, -0.27354395, -1.5541)
0.00000000
CMRotationMatrix(m11: 0.0, m12: 0.0, m13: 0.0, m21: 0.0, m22: 0.0, m23: 0.0, m31: 0.0, m32: 0.0, m33: 0.0)

9
11404.619469666
normal
simd_float4x4([[-0.035199337, -0.98719776, 0.15556824, 0.0], [0.9902469, -0.013455246, 0.13867253, 0.0], [-0.13480403, 0.15893216, 0.97804326, 0.0], [0.046676222, -0.012633106, -0.01605675, 1.0]])
0.046676222, -0.012633106, -0.01605675
SIMD3<Float>(-0.15960898, -0.13696735, -1.5844252)
0.00000000
CMRotationMatrix(m11: 0.0, m12: 0.0, m13: 0.0, m21: 0.0, m22: 0.0, m23: 0.0, m31: 0.0, m32: 0.0, m33: 0.0)

10
11405.636016333
normal
simd_float4x4([[0.014014851, -0.98850256, 0.15055335, 0.0], [0.99942434, 0.009196216, -0.032654867, 0.0], [0.030894902, 0.15092434, 0.98806244, 0.0], [0.15282518, -0.029688464, -0.015438462, 0.99999994]])
0.15282518, -0.029688464, -0.015438462
SIMD3<Float>(-0.15150325, 0.031257983, -1.5614934)
0.00000000
CMRotationMatrix(m11: 0.0, m12: 0.0, m13: 0.0, m21: 0.0, m22: 0.0, m23: 0.0, m31: 0.0, m32: 0.0, m33: 0.0)

11
11406.652562875
normal
simd_float4x4([[0.02487685, -0.9863663, 0.16267368, 0.0], [0.9971101, 0.012797721, -0.07488436, 0.0], [0.07178156, 0.16406646, 0.9838341, 0.0], [0.1947936, -0.04305296, -0.015572721, 1.0]])
0.1947936, -0.04305296, -0.015572721
SIMD3<Float>(-0.16481158, 0.07283199, -1.5578225)
0.00000000
CMRotationMatrix(m11: 0.0, m12: 0.0, m13: 0.0, m21: 0.0, m22: 0.0, m23: 0.0, m31: 0.0, m32: 0.0, m33: 0.0)

12
11407.669109375
normal
simd_float4x4([[0.022366252, -0.98245245, 0.18516755, 0.0], [0.97963786, -0.015426506, -0.20017888, 0.0], [0.19952273, 0.1858744, 0.96210253, 0.0], [0.18357024, -0.03764319, -0.029797982, 1.0]])
0.18357024, -0.03764319, -0.029797982
SIMD3<Float>(-0.1869617, 0.20448345, -1.5864971)
0.00000000
CMRotationMatrix(m11: 0.0, m12: 0.0, m13: 0.0, m21: 0.0, m22: 0.0, m23: 0.0, m31: 0.0, m32: 0.0, m33: 0.0)

13
11408.685655916
normal
simd_float4x4([[0.016909717, -0.98427004, 0.17585972, 0.0], [0.96364254, -0.030864825, -0.2654061, 0.0], [0.26665917, 0.17395383, 0.94796246, 0.0], [0.0095029175, -0.026272202, -0.03744082, 1.0000001]])
0.0095029175, -0.026272202, -0.03744082
SIMD3<Float>(-0.1748433, 0.27421117, -1.6021441)
0.00000000
CMRotationMatrix(m11: 0.0, m12: 0.0, m13: 0.0, m21: 0.0, m22: 0.0, m23: 0.0, m31: 0.0, m32: 0.0, m33: 0.0)

14
11409.702202833
normal
simd_float4x4([[0.00091420725, -0.9902191, 0.13951834, 0.0], [0.9968229, 0.012014325, 0.07873883, 0.0], [-0.07964491, 0.13900308, 0.987084, 0.0], [-0.028056849, -0.038042214, -0.038158122, 1.0]])
-0.028056849, -0.038042214, -0.038158122
SIMD3<Float>(-0.13945465, -0.08051265, -1.558664)
0.00000000
CMRotationMatrix(m11: 0.0, m12: 0.0, m13: 0.0, m21: 0.0, m22: 0.0, m23: 0.0, m31: 0.0, m32: 0.0, m33: 0.0)

15
11410.718749541
normal
simd_float4x4([[0.0037868693, -0.9824361, 0.18656081, 0.0], [0.9818592, 0.03902045, 0.18555301, 0.0], [-0.18957368, 0.18247381, 0.96476173, 0.0], [0.029649692, -0.039555207, -0.03159847, 1.0000001]])
0.029649692, -0.039555207, -0.03159847
SIMD3<Float>(-0.18350191, -0.19402592, -1.5310991)
0.00000000
CMRotationMatrix(m11: 0.0, m12: 0.0, m13: 0.0, m21: 0.0, m22: 0.0, m23: 0.0, m31: 0.0, m32: 0.0, m33: 0.0)

16
11411.735296416
normal
simd_float4x4([[-0.02692658, -0.9790533, 0.20181549, 0.0], [0.9893214, 0.0028294383, 0.14572327, 0.0], [-0.1432419, 0.20358418, 0.96852213, 0.0], [-0.03312472, -0.042339463, -0.015027819, 0.99999994]])
-0.03312472, -0.042339463, -0.015027819
SIMD3<Float>(-0.20501739, -0.14683297, -1.5679064)
0.00000000
CMRotationMatrix(m11: 0.0, m12: 0.0, m13: 0.0, m21: 0.0, m22: 0.0, m23: 0.0, m31: 0.0, m32: 0.0, m33: 0.0)
