ARKit Data

1
11513.479211916
normal
simd_float4x4([[-0.020547656, -0.9899164, 0.14015405, 0.0], [0.99978185, -0.020867396, -0.000812006, 0.0], [0.003728467, 0.1401068, 0.9901293, 0.0], [0.0038019435, 0.00054712594, 0.015093722, 1.0]])
0.0038019435, 0.00054712594, 0.015093722
SIMD3<Float>(-0.14056927, 0.0037656187, -1.5918732)
0.00000000
CMRotationMatrix(m11: 0.0, m12: 0.0, m13: 0.0, m21: 0.0, m22: 0.0, m23: 0.0, m31: 0.0, m32: 0.0, m33: 0.0)

2
11514.495759208
normal
simd_float4x4([[-0.018739505, -0.98886067, 0.14765976, 0.0], [0.9997935, -0.017372375, 0.010542987, 0.0], [-0.007860346, 0.14782685, 0.988982, 0.0], [0.007434156, -0.002338443, 0.023881298, 1.0]])
0.007434156, -0.002338443, 0.023881298
SIMD3<Float>(-0.14837062, -0.0079477485, -1.5883626)
0.00000000
CMRotationMatrix(m11: 0.0, m12: 0.0, m13: 0.0, m21: 0.0, m22: 0.0, m23: 0.0, m31: 0.0, m32: 0.0, m33: 0.0)

3
11515.512306625
normal
simd_float4x4([[-0.017532326, -0.9908284, 0.133984, 0.0], [0.999708, -0.015143369, 0.018828556, 0.0], [-0.016626898, 0.13427497, 0.99080455, 0.0], [0.08298311, -5.6628138e-05, 0.03677301, 1.0]])
0.08298311, -5.6628138e-05, 0.03677301
SIMD3<Float>(-0.13468178, -0.016779633, -1.5860786)
0.00000000
CMRotationMatrix(m11: 0.0, m12: 0.0, m13: 0.0, m21: 0.0, m22: 0.0, m23: 0.0, m31: 0.0, m32: 0.0, m33: 0.0)

4
11516.52885425
normal
simd_float4x4([[-0.031287655, -0.99327785, 0.11144622, 0.0], [0.99262017, -0.017808424, 0.11995064, 0.0], [-0.11715962, 0.114376724, 0.9865048, 0.0], [0.05053889, -0.015911616, 0.018197533, 1.0]])
0.05053889, -0.015911616, 0.018197533
SIMD3<Float>(-0.114627585, -0.11820866, -1.5887233)
0.00000000
CMRotationMatrix(m11: 0.0, m12: 0.0, m13: 0.0, m21: 0.0, m22: 0.0, m23: 0.0, m31: 0.0, m32: 0.0, m33: 0.0)

5
11517.545401916
normal
simd_float4x4([[0.004642971, -0.99076515, 0.13550957, 0.0], [0.9966097, -0.0065469113, -0.08201399, 0.0], [0.08214377, 0.13543095, 0.98737574, 0.0], [0.20007382, -0.018604862, 0.028416809, 1.0]])
0.20007382, -0.018604862, 0.028416809
SIMD3<Float>(-0.1358484, 0.08300289, -1.5774041)
0.00000000
CMRotationMatrix(m11: 0.0, m12: 0.0, m13: 0.0, m21: 0.0, m22: 0.0, m23: 0.0, m31: 0.0, m32: 0.0, m33: 0.0)

6
11518.561949666
normal
simd_float4x4([[0.031951804, -0.9868042, 0.15873453, 0.0], [0.96181, -0.012838505, -0.27341658, 0.0], [0.27184653, 0.16140862, 0.9487079, 0.0], [0.18822785, -0.028581176, 0.021168798, 1.0]])
0.18822785, -0.028581176, 0.021168798
SIMD3<Float>(-0.16211782, 0.27906656, -1.5838058)
0.00000000
CMRotationMatrix(m11: 0.0, m12: 0.0, m13: 0.0, m21: 0.0, m22: 0.0, m23: 0.0, m31: 0.0, m32: 0.0, m33: 0.0)

7
11519.578497458
normal
simd_float4x4([[0.015444595, -0.9882544, 0.15203442, 0.0], [0.96531504, -0.024896871, -0.25989738, 0.0], [0.26062998, 0.15077513, 0.9535924, 0.0], [0.07956407, -0.015570091, 0.023522258, 0.9999999]])
0.07956407, -0.015570091, 0.023522258
SIMD3<Float>(-0.15135233, 0.2667979, -1.5959837)
0.00000000
CMRotationMatrix(m11: 0.0, m12: 0.0, m13: 0.0, m21: 0.0, m22: 0.0, m23: 0.0, m31: 0.0, m32: 0.0, m33: 0.0)

8
11520.595045375
normal
simd_float4x4([[0.03164327, -0.98664194, 0.15980089, 0.0], [0.9957671, 0.017316196, -0.090265155, 0.0], [0.08629224, 0.16198078, 0.98301363, 0.0], [-0.0068402863, -0.026144188, 0.01825495, 0.9999999]])
-0.0068402863, -0.026144188, 0.01825495
SIMD3<Float>(-0.16269761, 0.08755891, -1.5532475)
0.00000000
CMRotationMatrix(m11: 0.0, m12: 0.0, m13: 0.0, m21: 0.0, m22: 0.0, m23: 0.0, m31: 0.0, m32: 0.0, m33: 0.0)

9
11521.611593458
normal
simd_float4x4([[0.014476525, -0.98868555, 0.14930223, 0.0], [0.9998887, 0.013781066, -0.0056916326, 0.0], [0.003569693, 0.14936803, 0.9887751, 0.0], [-0.06778281, -0.03401579, 0.049204964, 1.0]])
-0.06778281, -0.03401579, 0.049204964
SIMD3<Float>(-0.1499291, 0.0036102019, -1.5568584)
0.00000000
CMRotationMatrix(m11: 0.0, m12: 0.0, m13: 0.0, m21: 0.0, m22: 0.0, m23: 0.0, m31: 0.0, m32: 0.0, m33: 0.0)

10
11522.628141416
normal
simd_float4x4([[-0.013020761, -0.9867315, 0.16183706, 0.0], [0.9917376, 0.007913245, 0.12803882, 0.0], [-0.12762061, 0.16216706, 0.97847575, 0.0], [-0.1525541, -0.02901772, 0.038597357, 1.0]])
-0.1525541, -0.02901772, 0.038597357
SIMD3<Float>(-0.16288638, -0.12969585, -1.5627768)
0.00000000
CMRotationMatrix(m11: 0.0, m12: 0.0, m13: 0.0, m21: 0.0, m22: 0.0, m23: 0.0, m31: 0.0, m32: 0.0, m33: 0.0)

11
11523.644689583
normal
simd_float4x4([[-0.028096767, -0.97601354, 0.21588917, 0.0], [0.9933496, -0.0031374483, 0.11509479, 0.0], [-0.11165673, 0.21768719, 0.9696108, 0.0], [-0.1633311, -0.039912753, 0.041189194, 0.99999994]])
-0.1633311, -0.039912753, 0.041189194
SIMD3<Float>(-0.2194442, -0.114651226, -1.5740108)
0.00000000
CMRotationMatrix(m11: 0.0, m12: 0.0, m13: 0.0, m21: 0.0, m22: 0.0, m23: 0.0, m31: 0.0, m32: 0.0, m33: 0.0)

12
11524.66123775
normal
simd_float4x4([[-0.015657611, -0.9844039, 0.17522508, 0.0], [0.9998241, -0.017224697, -0.0074258978, 0.0], [0.010328281, 0.17507799, 0.9845004, 0.0], [-0.11468695, -0.022429865, 0.04785637, 1.0]])
-0.11468695, -0.022429865, 0.04785637
SIMD3<Float>(-0.17598498, 0.0104905, -1.5882921)
0.00000000
CMRotationMatrix(m11: 0.0, m12: 0.0, m13: 0.0, m21: 0.0, m22: 0.0, m23: 0.0, m31: 0.0, m32: 0.0, m33: 0.0)

13
11525.677786083
normal
simd_float4x4([[0.002072886, -0.9852601, 0.1710503, 0.0], [0.99642503, -0.012411268, -0.08356493, 0.0], [0.08445613, 0.17061199, 0.98171216, 0.0], [0.045630746, -0.011910625, 0.043752104, 1.0]])
0.045630746, -0.011910625, 0.043752104
SIMD3<Float>(-0.17145073, 0.08581813, -1.5833926)
0.00000000
CMRotationMatrix(m11: 0.0, m12: 0.0, m13: 0.0, m21: 0.0, m22: 0.0, m23: 0.0, m31: 0.0, m32: 0.0, m33: 0.0)

14
11526.694334333
normal
simd_float4x4([[-0.04215115, -0.98863757, 0.14428811, 0.0], [0.9987658, -0.037897855, 0.032101654, 0.0], [-0.026268693, 0.14546315, 0.98901486, 0.0], [0.047238402, 0.00034530088, 0.061495364, 1.0]])
0.047238402, 0.00034530088, 0.061495364
SIMD3<Float>(-0.14598109, -0.02655422, -1.609111)
0.00000000
CMRotationMatrix(m11: 0.0, m12: 0.0, m13: 0.0, m21: 0.0, m22: 0.0, m23: 0.0, m31: 0.0, m32: 0.0, m33: 0.0)

15
11527.710882666
normal
simd_float4x4([[-0.037660744, -0.98777795, 0.15124942, 0.0], [0.99919707, -0.03929461, -0.007827136, 0.0], [0.013674763, 0.1508332, 0.98846465, 0.0], [0.17334484, -0.007944435, 0.05723492, 1.0]])
0.17334484, -0.007944435, 0.05723492
SIMD3<Float>(-0.15141107, 0.013833464, -1.6105561)
0.00000000
CMRotationMatrix(m11: 0.0, m12: 0.0, m13: 0.0, m21: 0.0, m22: 0.0, m23: 0.0, m31: 0.0, m32: 0.0, m33: 0.0)

16
11528.727431125
normal
simd_float4x4([[-0.0075543327, -0.98989373, 0.14160985, 0.0], [0.99936354, -0.0124110235, -0.033444494, 0.0], [0.034864023, 0.14126706, 0.9893575, 0.0], [0.19555205, -0.017574703, 0.05176026, 1.0]])
0.19555205, -0.017574703, 0.05176026
SIMD3<Float>(-0.1417412, 0.03522448, -1.5833334)
0.00000000
CMRotationMatrix(m11: 0.0, m12: 0.0, m13: 0.0, m21: 0.0, m22: 0.0, m23: 0.0, m31: 0.0, m32: 0.0, m33: 0.0)

17
11529.743979625
normal
simd_float4x4([[0.010576023, -0.98696136, 0.16060987, 0.0], [0.99175256, -0.010163833, -0.12776367, 0.0], [0.12773019, 0.1606365, 0.97871387, 0.0], [-0.004134843, -0.019862527, 0.05649113, 1.0]])
-0.004134843, -0.019862527, 0.05649113
SIMD3<Float>(-0.1613355, 0.12977473, -1.581094)
0.00000000
CMRotationMatrix(m11: 0.0, m12: 0.0, m13: 0.0, m21: 0.0, m22: 0.0, m23: 0.0, m31: 0.0, m32: 0.0, m33: 0.0)
