ARKit Data

1
6648.479454083
normal
simd_float4x4([[-0.030869469, -0.9795628, 0.19875573, 0.0], [0.9977529, -0.0420299, -0.052178763, 0.0], [0.059466057, 0.19669835, 0.97865903, 0.0], [-0.00035808192, -0.00030059853, -0.00053756655, 0.99999994]])
-0.00035808192, -0.00030059853, -0.00053756655
SIMD3<Float>(-0.19798934, 0.06068818, -1.6136768)
0.00000000
CMRotationMatrix(m11: 0.0, m12: 0.0, m13: 0.0, m21: 0.0, m22: 0.0, m23: 0.0, m31: 0.0, m32: 0.0, m33: 0.0)

2
6649.49599975
normal
simd_float4x4([[-0.023978617, -0.987651, 0.15482412, 0.0], [0.9996476, -0.025452321, -0.0075430307, 0.0], [0.011390515, 0.15458868, 0.98791325, 0.0], [-0.015472393, 0.0020969622, 0.008297658, 1.0]])
-0.015472393, 0.0020969622, 0.008297658
SIMD3<Float>(-0.15521112, 0.011529363, -1.5965612)
0.00000000
CMRotationMatrix(m11: 0.0, m12: 0.0, m13: 0.0, m21: 0.0, m22: 0.0, m23: 0.0, m31: 0.0, m32: 0.0, m33: 0.0)

3
6650.512545541
normal
simd_float4x4([[-0.003726326, -0.99883467, 0.048116844, 0.0], [0.9999778, -0.0034563618, 0.0056925765, 0.0], [-0.005519629, 0.048136987, 0.99882543, 0.0], [0.3197864, -0.0054082833, 0.0283368, 1.0]])
0.3197864, -0.0054082833, 0.0283368
SIMD3<Float>(-0.048155595, -0.0055260635, -1.5742567)
0.00000000
CMRotationMatrix(m11: 0.0, m12: 0.0, m13: 0.0, m21: 0.0, m22: 0.0, m23: 0.0, m31: 0.0, m32: 0.0, m33: 0.0)

4
6651.529091583
normal
simd_float4x4([[-0.033935208, -0.9952975, 0.09072632, 0.0], [0.9957559, -0.041441545, -0.08217557, 0.0], [0.08554898, 0.08755262, 0.9924798, 0.0], [0.4622538, 0.0189237, 0.039059125, 1.0]])
0.4622538, 0.0189237, 0.039059125
SIMD3<Float>(-0.087664865, 0.08598467, -1.6124096)
0.00000000
CMRotationMatrix(m11: 0.0, m12: 0.0, m13: 0.0, m21: 0.0, m22: 0.0, m23: 0.0, m31: 0.0, m32: 0.0, m33: 0.0)

5
6652.545637583
normal
simd_float4x4([[-0.03713714, -0.9899835, 0.13621157, 0.0], [0.99469346, -0.049707763, -0.09007894, 0.0], [0.09594744, 0.13214348, 0.9865761, 0.0], [0.5906415, 0.007799222, 0.024041953, 0.99999994]])
0.5906415, 0.007799222, 0.024041953
SIMD3<Float>(-0.13253112, 0.09694807, -1.6209649)
0.00000000
CMRotationMatrix(m11: 0.0, m12: 0.0, m13: 0.0, m21: 0.0, m22: 0.0, m23: 0.0, m31: 0.0, m32: 0.0, m33: 0.0)

6
6653.562183708
normal
simd_float4x4([[-0.038667534, -0.98789406, 0.15023369, 0.0], [0.999166, -0.04019991, -0.0071753077, 0.0], [0.013127826, 0.14983091, 0.9886246, 0.0], [0.59832716, -0.0014460771, 0.022366935, 1.0000001]])
0.59832716, -0.0014460771, 0.022366935
SIMD3<Float>(-0.15039724, 0.013278099, -1.6114664)
0.00000000
CMRotationMatrix(m11: 0.0, m12: 0.0, m13: 0.0, m21: 0.0, m22: 0.0, m23: 0.0, m31: 0.0, m32: 0.0, m33: 0.0)

7
6654.578730166
normal
simd_float4x4([[-0.026777146, -0.9978265, 0.06021001, 0.0], [0.99723727, -0.022489332, 0.070797354, 0.0], [-0.06928939, 0.06193941, 0.99567205, 0.0], [0.30292454, 0.0043406896, 0.08013392, 1.0]])
0.30292454, 0.0043406896, 0.08013392
SIMD3<Float>(-0.061979085, -0.069478564, -1.5933309)
0.00000000
CMRotationMatrix(m11: 0.0, m12: 0.0, m13: 0.0, m21: 0.0, m22: 0.0, m23: 0.0, m31: 0.0, m32: 0.0, m33: 0.0)

8
6655.595276375
normal
simd_float4x4([[-0.03286341, -0.99273753, 0.11572437, 0.0], [0.99219495, -0.04634043, -0.1157663, 0.0], [0.120288275, 0.111016646, 0.9865122, 0.0], [0.014145206, -0.023193967, 0.07841158, 1.0]])
0.014145206, -0.023193967, 0.07841158
SIMD3<Float>(-0.11124596, 0.121333934, -1.6174419)
0.00000000
CMRotationMatrix(m11: 0.0, m12: 0.0, m13: 0.0, m21: 0.0, m22: 0.0, m23: 0.0, m31: 0.0, m32: 0.0, m33: 0.0)

9
6656.61182275
normal
simd_float4x4([[0.0005002615, -0.99241376, 0.12294144, 0.0], [0.99549866, -0.011157378, -0.09411591, 0.0], [0.094773635, 0.12243512, 0.98794115, 0.0], [-0.23690458, -0.010918196, 0.0261344, 1.0]])
-0.23690458, -0.010918196, 0.0261344
SIMD3<Float>(-0.12274309, 0.09563779, -1.5820385)
0.00000000
CMRotationMatrix(m11: 0.0, m12: 0.0, m13: 0.0, m21: 0.0, m22: 0.0, m23: 0.0, m31: 0.0, m32: 0.0, m33: 0.0)

10
6657.62836925
normal
simd_float4x4([[0.022126213, -0.98900646, 0.14620711, 0.0], [0.9959758, 0.009101659, -0.089158274, 0.0], [0.08684739, 0.1475915, 0.985228, 0.0], [-0.4472986, -0.012535164, 0.07414925, 0.9999999]])
-0.4472986, -0.012535164, 0.07414925
SIMD3<Float>(-0.14813267, 0.087922275, -1.5615938)
0.00000000
CMRotationMatrix(m11: 0.0, m12: 0.0, m13: 0.0, m21: 0.0, m22: 0.0, m23: 0.0, m31: 0.0, m32: 0.0, m33: 0.0)

11
6658.644915791
normal
simd_float4x4([[0.0052727796, -0.9886995, 0.14981821, 0.0], [0.9989236, -0.0016971442, -0.04635665, 0.0], [0.046087053, 0.14990135, 0.98762625, 0.0], [-0.49275482, -0.018815983, 0.08304544, 1.0]])
-0.49275482, -0.018815983, 0.08304544
SIMD3<Float>(-0.15046848, 0.04663064, -1.5725129)
0.00000000
CMRotationMatrix(m11: 0.0, m12: 0.0, m13: 0.0, m21: 0.0, m22: 0.0, m23: 0.0, m31: 0.0, m32: 0.0, m33: 0.0)

12
6659.661462333
normal
simd_float4x4([[-0.025725001, -0.98709065, 0.15808319, 0.0], [0.99960005, -0.023540033, 0.015678862, 0.0], [-0.011755167, 0.15842327, 0.9873014, 0.0], [-0.3964139, -0.013097424, 0.0902579, 1.0]])
-0.3964139, -0.013097424, 0.0902579
SIMD3<Float>(-0.15909356, -0.011905798, -1.5946397)
0.00000000
CMRotationMatrix(m11: 0.0, m12: 0.0, m13: 0.0, m21: 0.0, m22: 0.0, m23: 0.0, m31: 0.0, m32: 0.0, m33: 0.0)

13
6660.678009
normal
simd_float4x4([[-0.020457027, -0.9824317, 0.18549787, 0.0], [0.9930467, -0.041480053, -0.1101713, 0.0], [0.115930244, 0.18195423, 0.97644913, 0.0], [-0.1228707, -0.0125283245, 0.087447874, 1.0]])
-0.1228707, -0.0125283245, 0.087447874
SIMD3<Float>(-0.1829735, 0.118173175, -1.6129931)
0.00000000
CMRotationMatrix(m11: 0.0, m12: 0.0, m13: 0.0, m21: 0.0, m22: 0.0, m23: 0.0, m31: 0.0, m32: 0.0, m33: 0.0)

14
6661.694555708
normal
simd_float4x4([[-0.061973847, -0.9781482, 0.19845705, 0.0], [0.9979495, -0.06391657, -0.0033917616, 0.0], [0.01600234, 0.19783989, 0.98010373, 0.0], [0.04767666, -0.018119583, 0.035599567, 0.9999999]])
0.04767666, -0.018119583, 0.035599567
SIMD3<Float>(-0.19915375, 0.01632574, -1.6360481)
0.00000000
CMRotationMatrix(m11: 0.0, m12: 0.0, m13: 0.0, m21: 0.0, m22: 0.0, m23: 0.0, m31: 0.0, m32: 0.0, m33: 0.0)

15
6662.711102333
normal
simd_float4x4([[-0.012505998, -0.98106873, 0.19325592, 0.0], [0.9946554, -0.032015804, -0.09816283, 0.0], [0.102491714, 0.19099537, 0.97622555, 0.0], [0.19819783, -0.028351856, 0.0013679351, 1.0]])
0.19819783, -0.028351856, 0.0013679351
SIMD3<Float>(-0.19217607, 0.104604535, -1.6034184)
0.00000000
CMRotationMatrix(m11: 0.0, m12: 0.0, m13: 0.0, m21: 0.0, m22: 0.0, m23: 0.0, m31: 0.0, m32: 0.0, m33: 0.0)
