ARKit Data

1
6800.270509208
normal
simd_float4x4([[-0.005477643, -0.9872538, 0.15905938, 0.0], [0.999966, -0.0044273557, 0.0069567263, 0.0], [-0.006163841, 0.15909205, 0.98724455, 0.0], [0.00043105078, 0.00037419423, 0.00013676845, 0.99999994]])
0.00043105078, 0.00037419423, 0.00013676845
SIMD3<Float>(-0.15977092, -0.0062433984, -1.5752808)
0.00000000
CMRotationMatrix(m11: 0.0, m12: 0.0, m13: 0.0, m21: 0.0, m22: 0.0, m23: 0.0, m31: 0.0, m32: 0.0, m33: 0.0)

2
6801.287054958
normal
simd_float4x4([[-0.019027047, -0.99230707, 0.12232999, 0.0], [0.9989237, -0.013690793, 0.044315357, 0.0], [-0.042299643, 0.123041525, 0.99149966, 0.0], [-0.02873649, 0.016935904, 0.0009270564, 0.99999994]])
-0.02873649, 0.016935904, 0.0009270564
SIMD3<Float>(-0.12335412, -0.04263643, -1.5845923)
0.00000000
CMRotationMatrix(m11: 0.0, m12: 0.0, m13: 0.0, m21: 0.0, m22: 0.0, m23: 0.0, m31: 0.0, m32: 0.0, m33: 0.0)

3
6802.303600833
normal
simd_float4x4([[0.025941886, -0.99265677, 0.118149474, 0.0], [0.994691, 0.0138583705, -0.101968735, 0.0], [0.09958261, 0.12016749, 0.98774636, 0.0], [-0.1397381, 0.0117740845, 0.030644378, 0.9999999]])
-0.1397381, 0.0117740845, 0.030644378
SIMD3<Float>(-0.12045859, 0.10047849, -1.5568364)
0.00000000
CMRotationMatrix(m11: 0.0, m12: 0.0, m13: 0.0, m21: 0.0, m22: 0.0, m23: 0.0, m31: 0.0, m32: 0.0, m33: 0.0)

4
6803.320146875
normal
simd_float4x4([[0.008699634, -0.9887941, 0.14903173, 0.0], [0.99673915, 0.020531075, 0.07803533, 0.0], [-0.08022066, 0.14786689, 0.98574847, 0.0], [-0.33729908, -0.010354498, 0.042837705, 0.99999994]])
-0.33729908, -0.010354498, 0.042837705
SIMD3<Float>(-0.14841111, -0.081201516, -1.5500356)
0.00000000
CMRotationMatrix(m11: 0.0, m12: 0.0, m13: 0.0, m21: 0.0, m22: 0.0, m23: 0.0, m31: 0.0, m32: 0.0, m33: 0.0)

5
6804.336693208
normal
simd_float4x4([[0.015109851, -0.99149966, 0.12922865, 0.0], [0.9998286, 0.016365943, 0.008663477, 0.0], [-0.010704787, 0.12907559, 0.991577, 0.0], [-0.4294087, 0.0006923489, 0.07194081, 0.99999994]])
-0.4294087, 0.0006923489, 0.07194081
SIMD3<Float>(-0.12943672, -0.0107953, -1.5542916)
0.00000000
CMRotationMatrix(m11: 0.0, m12: 0.0, m13: 0.0, m21: 0.0, m22: 0.0, m23: 0.0, m31: 0.0, m32: 0.0, m33: 0.0)

6
6805.353239375
normal
simd_float4x4([[-0.020501794, -0.9865121, 0.16239886, 0.0], [0.9994167, -0.024659252, -0.023625901, 0.0], [0.02731187, 0.16181974, 0.98644227, 0.0], [-0.013270212, 0.02736121, 0.08822903, 0.99999994]])
-0.013270212, 0.02736121, 0.08822903
SIMD3<Float>(-0.16253442, 0.027680175, -1.5957875)
0.00000000
CMRotationMatrix(m11: 0.0, m12: 0.0, m13: 0.0, m21: 0.0, m22: 0.0, m23: 0.0, m31: 0.0, m32: 0.0, m33: 0.0)

7
6806.369785708
normal
simd_float4x4([[-0.05931711, -0.98263377, 0.17581852, 0.0], [0.9947727, -0.0435215, 0.09237558, 0.0], [-0.08311949, 0.18037887, 0.98007894, 0.0], [0.23982106, 0.029013384, 0.04848554, 0.99999994]])
0.23982106, 0.029013384, 0.04848554
SIMD3<Float>(-0.18137163, -0.08460651, -1.6150581)
0.00000000
CMRotationMatrix(m11: 0.0, m12: 0.0, m13: 0.0, m21: 0.0, m22: 0.0, m23: 0.0, m31: 0.0, m32: 0.0, m33: 0.0)

8
6807.386332125
normal
simd_float4x4([[-0.0026784874, -0.9950123, 0.09971619, 0.0], [0.99800456, -0.008950564, -0.0625052, 0.0], [0.06308596, 0.09934978, 0.99305075, 0.0], [0.55017895, 0.042477038, 0.047866408, 0.99999994]])
0.55017895, 0.042477038, 0.047866408
SIMD3<Float>(-0.09951395, 0.06344217, -1.5797915)
0.00000000
CMRotationMatrix(m11: 0.0, m12: 0.0, m13: 0.0, m21: 0.0, m22: 0.0, m23: 0.0, m31: 0.0, m32: 0.0, m33: 0.0)

9
6808.402878666
normal
simd_float4x4([[0.017013308, -0.9901369, 0.13906579, 0.0], [0.99328595, 0.0008198626, -0.11568126, 0.0], [0.11442628, 0.14010021, 0.98350316, 0.0], [0.4891207, 0.014584366, 0.0029215405, 0.99999994]])
0.4891207, 0.014584366, 0.0029215405
SIMD3<Float>(-0.14056262, 0.11582487, -1.5699683)
0.00000000
CMRotationMatrix(m11: 0.0, m12: 0.0, m13: 0.0, m21: 0.0, m22: 0.0, m23: 0.0, m31: 0.0, m32: 0.0, m33: 0.0)

10
6809.419425166
normal
simd_float4x4([[-0.030389424, -0.98664135, 0.16004777, 0.0], [0.99910074, -0.03472062, -0.024334662, 0.0], [0.029566541, 0.15916431, 0.98680925, 0.0], [0.19161867, -0.0037181266, 0.009713116, 0.99999994]])
0.19161867, -0.0037181266, 0.009713116
SIMD3<Float>(-0.15984412, 0.029952798, -1.6059725)
0.00000000
CMRotationMatrix(m11: 0.0, m12: 0.0, m13: 0.0, m21: 0.0, m22: 0.0, m23: 0.0, m31: 0.0, m32: 0.0, m33: 0.0)
