ARKit Data

1
6825.014697083
normal
simd_float4x4([[-0.008850972, -0.9956636, -0.09260488, 0.0], [0.9999433, -0.009360316, 0.00506728, 0.0], [-0.0059121177, -0.09255479, 0.99569, 0.0], [0.00021102699, 5.6661665e-05, -0.00066515524, 1.0]])
0.00021102699, 5.6661665e-05, -0.00066515524
SIMD3<Float>(0.09268745, -0.0059376396, -1.5801971)
0.00000000
CMRotationMatrix(m11: 0.0, m12: 0.0, m13: 0.0, m21: 0.0, m22: 0.0, m23: 0.0, m31: 0.0, m32: 0.0, m33: 0.0)

2
6826.031242958
normal
simd_float4x4([[-0.011069024, -0.9975478, -0.06910694, 0.0], [0.9992786, -0.013546068, 0.035478514, 0.0], [-0.03632764, -0.06866437, 0.99697816, 0.0], [0.0009376025, -0.0033002943, 0.005499156, 1.0]])
0.0009376025, -0.0033002943, 0.005499156
SIMD3<Float>(0.06871844, -0.036421638, -1.5843749)
0.00000000
CMRotationMatrix(m11: 0.0, m12: 0.0, m13: 0.0, m21: 0.0, m22: 0.0, m23: 0.0, m31: 0.0, m32: 0.0, m33: 0.0)

3
6827.047789
normal
simd_float4x4([[-0.02763185, -0.99743974, -0.06595846, 0.0], [0.99642694, -0.032751918, 0.07785123, 0.0], [-0.07981217, -0.06357162, 0.99478066, 0.0], [-0.047366705, -0.012687546, 0.031270687, 0.99999994]])
-0.047366705, -0.012687546, 0.031270687
SIMD3<Float>(0.06361452, -0.08005943, -1.6036205)
0.00000000
CMRotationMatrix(m11: 0.0, m12: 0.0, m13: 0.0, m21: 0.0, m22: 0.0, m23: 0.0, m31: 0.0, m32: 0.0, m33: 0.0)

4
6828.064335
normal
simd_float4x4([[-0.015513601, -0.9978414, -0.063810594, 0.0], [0.99975467, -0.01648885, 0.014785331, 0.0], [-0.01580558, -0.06356557, 0.9978525, 0.0], [0.233759, -0.018079871, 0.078372, 0.9999999]])
0.233759, -0.018079871, 0.078372
SIMD3<Float>(0.06360845, -0.015838271, -1.5873194)
0.00000000
CMRotationMatrix(m11: 0.0, m12: 0.0, m13: 0.0, m21: 0.0, m22: 0.0, m23: 0.0, m31: 0.0, m32: 0.0, m33: 0.0)

5
6829.08088125
normal
simd_float4x4([[0.0037881122, -0.9992027, -0.039741334, 0.0], [0.9998087, 0.0030220004, 0.019319853, 0.0], [-0.019184353, -0.039806917, 0.99902314, 0.0], [0.44812468, -0.008454646, 0.08582075, 0.9999999]])
0.44812468, -0.008454646, 0.08582075
SIMD3<Float>(0.039817438, -0.019200752, -1.5677719)
0.00000000
CMRotationMatrix(m11: 0.0, m12: 0.0, m13: 0.0, m21: 0.0, m22: 0.0, m23: 0.0, m31: 0.0, m32: 0.0, m33: 0.0)

6
6830.097427333
normal
simd_float4x4([[0.005129491, -0.9992312, -0.03886683, 0.0], [0.99998665, 0.0050989417, 0.0008850879, 0.0], [-0.00068622705, -0.03887085, 0.999244, 0.0], [0.4095574, 0.002112545, 0.09972728, 1.0]])
0.4095574, 0.002112545, 0.09972728
SIMD3<Float>(0.038880643, -0.00068674615, -1.5656935)
0.00000000
CMRotationMatrix(m11: 0.0, m12: 0.0, m13: 0.0, m21: 0.0, m22: 0.0, m23: 0.0, m31: 0.0, m32: 0.0, m33: 0.0)

7
6831.113973666
normal
simd_float4x4([[-0.0107848365, -0.9999285, -0.005163107, 0.0], [0.9982796, -0.011064369, 0.057580933, 0.0], [-0.057633944, -0.004533223, 0.9983275, 0.0], [0.014830776, 0.0010433407, 0.15423468, 0.99999994]])
0.014830776, 0.0010433407, 0.15423468
SIMD3<Float>(0.0045332382, -0.05766649, -1.581861)
0.00000000
CMRotationMatrix(m11: 0.0, m12: 0.0, m13: 0.0, m21: 0.0, m22: 0.0, m23: 0.0, m31: 0.0, m32: 0.0, m33: 0.0)

8
6832.130520125
normal
simd_float4x4([[-0.03865542, -0.9992084, -0.009400187, 0.0], [0.9952439, -0.03934043, 0.089116946, 0.0], [-0.089416206, -0.0059106275, 0.99597687, 0.0], [-0.2927617, 0.012081001, 0.0019442029, 1.0]])
-0.2927617, 0.012081001, 0.0019442029
SIMD3<Float>(0.005910662, -0.08953735, -1.6101476)
0.00000000
CMRotationMatrix(m11: 0.0, m12: 0.0, m13: 0.0, m21: 0.0, m22: 0.0, m23: 0.0, m31: 0.0, m32: 0.0, m33: 0.0)

9
6833.147066541
normal
simd_float4x4([[-0.039585818, -0.99907607, 0.016733484, 0.0], [0.9913501, -0.037171505, 0.12586991, 0.0], [-0.1251316, 0.021571405, 0.99190557, 0.0], [-0.51462525, 0.02875387, 0.0026808614, 1.0]])
-0.51462525, 0.02875387, 0.0026808614
SIMD3<Float>(-0.021573078, -0.12548985, -1.607985)
0.00000000
CMRotationMatrix(m11: 0.0, m12: 0.0, m13: 0.0, m21: 0.0, m22: 0.0, m23: 0.0, m31: 0.0, m32: 0.0, m33: 0.0)

10
6834.163613041
normal
simd_float4x4([[-0.00034620397, -0.9973469, 0.07279403, 0.0], [0.99922436, 0.0025213473, 0.039297093, 0.0], [-0.039376374, 0.072751164, 0.99657255, 0.0], [-0.28366503, 0.03049311, 0.0013191812, 1.0]])
-0.28366503, 0.03049311, 0.0013191812
SIMD3<Float>(-0.07281549, -0.039491255, -1.5682683)
0.00000000
CMRotationMatrix(m11: 0.0, m12: 0.0, m13: 0.0, m21: 0.0, m22: 0.0, m23: 0.0, m31: 0.0, m32: 0.0, m33: 0.0)
