ARKit Data

1
6673.209869541
normal
simd_float4x4([[0.007126103, -0.9800344, 0.19870034, 0.0], [0.9994266, 0.00040209343, -0.03385979, 0.0], [0.03310386, 0.19882767, 0.9794753, 0.0], [-0.0018165885, 1.6828582e-06, -0.0030174865, 1.0000001]])
-0.0018165885, 1.6828582e-06, -0.0030174865
SIMD3<Float>(-0.20016156, 0.033784684, -1.570386)
0.00000000
CMRotationMatrix(m11: 0.0, m12: 0.0, m13: 0.0, m21: 0.0, m22: 0.0, m23: 0.0, m31: 0.0, m32: 0.0, m33: 0.0)

2
6674.226415458
normal
simd_float4x4([[0.018176366, -0.98185396, 0.18876576, 0.0], [0.99980915, 0.01649583, -0.010470119, 0.0], [0.007166284, 0.18892004, 0.9819664, 0.0], [-0.008357957, -0.001702942, 0.0023594704, 1.0]])
-0.008357957, -0.001702942, 0.0023594704
SIMD3<Float>(-0.19006225, 0.007297762, -1.5539972)
0.00000000
CMRotationMatrix(m11: 0.0, m12: 0.0, m13: 0.0, m21: 0.0, m22: 0.0, m23: 0.0, m31: 0.0, m32: 0.0, m33: 0.0)

3
6675.242961583
normal
simd_float4x4([[0.017303092, -0.9838141, 0.17835444, 0.0], [0.99948317, 0.012185293, -0.029750211, 0.0], [0.027095377, 0.17877701, 0.9835165, 0.0], [-0.1997912, 0.007358285, 0.0046013086, 0.99999994]])
-0.1997912, 0.007358285, 0.0046013086
SIMD3<Float>(-0.17974329, 0.027542522, -1.5584112)
0.00000000
CMRotationMatrix(m11: 0.0, m12: 0.0, m13: 0.0, m21: 0.0, m22: 0.0, m23: 0.0, m31: 0.0, m32: 0.0, m33: 0.0)

4
6676.259507791
normal
simd_float4x4([[0.03099223, -0.98299396, 0.18100348, 0.0], [0.9985029, 0.022282666, -0.049955413, 0.0], [0.045072626, 0.1822807, 0.982213, 0.0], [-0.4037235, 0.018347707, 0.0047001755, 1.0]])
-0.4037235, 0.018347707, 0.0047001755
SIMD3<Float>(-0.18330552, 0.04585668, -1.5481321)
0.00000000
CMRotationMatrix(m11: 0.0, m12: 0.0, m13: 0.0, m21: 0.0, m22: 0.0, m23: 0.0, m31: 0.0, m32: 0.0, m33: 0.0)

5
6677.276054125
normal
simd_float4x4([[0.031386323, -0.97583437, 0.21624564, 0.0], [0.992257, 0.0044086804, -0.1241235, 0.0], [0.120170616, 0.218467, 0.9684169, 0.0], [-0.6224691, 0.010410484, -0.00043044612, 1.0]])
-0.6224691, 0.010410484, -0.00043044612
SIMD3<Float>(-0.22024325, 0.12345865, -1.5662785)
0.00000000
CMRotationMatrix(m11: 0.0, m12: 0.0, m13: 0.0, m21: 0.0, m22: 0.0, m23: 0.0, m31: 0.0, m32: 0.0, m33: 0.0)

6
6678.292600458
normal
simd_float4x4([[-0.01035223, -0.9771929, 0.21210104, 0.0], [0.99883026, -0.020124566, -0.043967076, 0.0], [0.047232755, 0.21139778, 0.9762582, 0.0], [-0.4778136, 0.019242031, 0.017628338, 0.99999994]])
-0.4778136, 0.019242031, 0.017628338
SIMD3<Float>(-0.21300484, 0.048343718, -1.5913876)
0.00000000
CMRotationMatrix(m11: 0.0, m12: 0.0, m13: 0.0, m21: 0.0, m22: 0.0, m23: 0.0, m31: 0.0, m32: 0.0, m33: 0.0)

7
6679.309146958
normal
simd_float4x4([[-0.056644723, -0.971971, 0.22817455, 0.0], [0.99711776, -0.06662837, -0.03628533, 0.0], [0.050471183, 0.22546153, 0.9729438, 0.0], [-0.12283386, 0.029606922, 0.09846898, 0.9999999]])
-0.12283386, 0.029606922, 0.09846898
SIMD3<Float>(-0.22741674, 0.05182826, -1.639239)
0.00000000
CMRotationMatrix(m11: 0.0, m12: 0.0, m13: 0.0, m21: 0.0, m22: 0.0, m23: 0.0, m31: 0.0, m32: 0.0, m33: 0.0)

8
6680.325693541
normal
simd_float4x4([[-0.04098348, -0.9778644, 0.20518674, 0.0], [0.99685264, -0.026069531, 0.07486849, 0.0], [-0.06786211, 0.20760928, 0.9758552, 0.0], [0.18373922, 0.043510415, 0.016455665, 1.0]])
0.18373922, 0.043510415, 0.016455665
SIMD3<Float>(-0.20913036, -0.06942939, -1.5974497)
0.00000000
CMRotationMatrix(m11: 0.0, m12: 0.0, m13: 0.0, m21: 0.0, m22: 0.0, m23: 0.0, m31: 0.0, m32: 0.0, m33: 0.0)

9
6681.342240125
normal
simd_float4x4([[-0.008247069, -0.97968024, 0.20039617, 0.0], [0.99991995, -0.0061541195, 0.011064772, 0.0], [-0.009606673, 0.20047134, 0.9796525, 0.0], [0.4061589, 0.04931275, -0.037803184, 0.99999994]])
0.4061589, 0.04931275, -0.037803184
SIMD3<Float>(-0.201839, -0.009805891, -1.577078)
0.00000000
CMRotationMatrix(m11: 0.0, m12: 0.0, m13: 0.0, m21: 0.0, m22: 0.0, m23: 0.0, m31: 0.0, m32: 0.0, m33: 0.0)

10
6682.358786625
normal
simd_float4x4([[-0.02449843, -0.9807386, 0.19378261, 0.0], [0.9983994, -0.014118247, 0.054767076, 0.0], [-0.050976314, 0.19481413, 0.9795147, 0.0], [0.4660452, 0.045625236, -0.06034195, 1.0000001]])
0.4660452, 0.045625236, -0.06034195
SIMD3<Float>(-0.19606794, -0.05199551, -1.5851909)
0.00000000
CMRotationMatrix(m11: 0.0, m12: 0.0, m13: 0.0, m21: 0.0, m22: 0.0, m23: 0.0, m31: 0.0, m32: 0.0, m33: 0.0)

11
6683.375333458
normal
simd_float4x4([[0.012692234, -0.97752595, 0.21043293, 0.0], [0.998711, 0.002049301, -0.050717473, 0.0], [0.049146406, 0.21080539, 0.9762919, 0.0], [0.4439826, 0.043057684, -0.061311573, 1.0000001]])
0.4439826, 0.043057684, -0.061311573
SIMD3<Float>(-0.21239878, 0.050297413, -1.5687)
0.00000000
CMRotationMatrix(m11: 0.0, m12: 0.0, m13: 0.0, m21: 0.0, m22: 0.0, m23: 0.0, m31: 0.0, m32: 0.0, m33: 0.0)

12
6684.391880083
normal
simd_float4x4([[0.038471058, -0.98623776, 0.1607949, 0.0], [0.9807643, 0.0064504654, -0.19508916, 0.0], [0.1913671, 0.16520718, 0.96751505, 0.0], [0.36820698, 0.047882315, -0.015404776, 0.9999999]])
0.36820698, 0.047882315, -0.015404776
SIMD3<Float>(-0.16596808, 0.19527195, -1.564256)
0.00000000
CMRotationMatrix(m11: 0.0, m12: 0.0, m13: 0.0, m21: 0.0, m22: 0.0, m23: 0.0, m31: 0.0, m32: 0.0, m33: 0.0)
