ARKit Data

1
11423.807383875
normal
simd_float4x4([[0.022758717, -0.9920032, 0.12414392, 0.0], [0.99973905, 0.022333216, -0.004818238, 0.0], [0.0020071736, 0.12422116, 0.9922525, 0.0], [-0.0012701086, 0.0012255833, -0.0025404296, 1.0]])
-0.0012701086, 0.0012255833, -0.0025404296
SIMD3<Float>(-0.12454288, 0.0020228429, -1.5482869)
0.00000000
CMRotationMatrix(m11: 0.0, m12: 0.0, m13: 0.0, m21: 0.0, m22: 0.0, m23: 0.0, m31: 0.0, m32: 0.0, m33: 0.0)

2
11424.82392975
normal
simd_float4x4([[0.016060498, -0.9878511, 0.1545716, 0.0], [0.9996433, 0.012564572, -0.023567358, 0.0], [0.021338914, 0.15489495, 0.98770046, 0.0], [-0.004743106, -0.006629538, -0.005912034, 1.0]])
-0.004743106, -0.006629538, -0.005912034
SIMD3<Float>(-0.15552111, 0.02160128, -1.5580779)
0.00000000
CMRotationMatrix(m11: 0.0, m12: 0.0, m13: 0.0, m21: 0.0, m22: 0.0, m23: 0.0, m31: 0.0, m32: 0.0, m33: 0.0)

3
11425.840475708
normal
simd_float4x4([[-0.0009218085, -0.9910706, 0.13333437, 0.0], [0.99923706, -0.0061187427, -0.038572215, 0.0], [0.03904363, 0.13319707, 0.99032027, 0.0], [-0.10646338, -0.0065089115, 0.017689636, 0.9999999]])
-0.10646338, -0.0065089115, 0.017689636
SIMD3<Float>(-0.1335941, 0.03940485, -1.5769701)
0.00000000
CMRotationMatrix(m11: 0.0, m12: 0.0, m13: 0.0, m21: 0.0, m22: 0.0, m23: 0.0, m31: 0.0, m32: 0.0, m33: 0.0)

4
11426.857021666
normal
simd_float4x4([[-0.013550605, -0.99011904, 0.1395725, 0.0], [0.9998029, -0.015442568, -0.012481317, 0.0], [0.014513347, 0.13937585, 0.99013317, 0.0], [-0.030465288, -0.0017863422, 0.0002905653, 0.9999999]])
-0.030465288, -0.0017863422, 0.0002905653
SIMD3<Float>(-0.13983108, 0.014656926, -1.5863917)
0.00000000
CMRotationMatrix(m11: 0.0, m12: 0.0, m13: 0.0, m21: 0.0, m22: 0.0, m23: 0.0, m31: 0.0, m32: 0.0, m33: 0.0)

5
11427.873568125
normal
simd_float4x4([[-0.018245239, -0.989649, 0.14234458, 0.0], [0.9996742, -0.020598331, -0.015074868, 0.0], [0.017850889, 0.14202316, 0.9897024, 0.0], [0.16761057, -0.015365415, 0.0007664464, 0.99999994]])
0.16761057, -0.015365415, 0.0007664464
SIMD3<Float>(-0.14250499, 0.018034667, -1.5916071)
0.00000000
CMRotationMatrix(m11: 0.0, m12: 0.0, m13: 0.0, m21: 0.0, m22: 0.0, m23: 0.0, m31: 0.0, m32: 0.0, m33: 0.0)

6
11428.890114375
normal
simd_float4x4([[-0.027477188, -0.99069196, 0.13332067, 0.0], [0.9992947, -0.030637871, -0.021713711, 0.0], [0.02559626, 0.13262999, 0.99083513, 0.0], [0.039058242, -0.002739787, 0.017806165, 1.0]])
0.039058242, -0.002739787, 0.017806165
SIMD3<Float>(-0.13302195, 0.025827272, -1.6017122)
0.00000000
CMRotationMatrix(m11: 0.0, m12: 0.0, m13: 0.0, m21: 0.0, m22: 0.0, m23: 0.0, m31: 0.0, m32: 0.0, m33: 0.0)

7
11429.906660833
normal
simd_float4x4([[-0.0015554243, -0.99059814, 0.13679555, 0.0], [0.99998784, -0.0021876043, -0.0044711386, 0.0], [0.0047283536, 0.13678691, 0.9905894, 0.0], [-0.14490847, -0.006988004, 0.05447618, 1.0]])
-0.14490847, -0.006988004, 0.05447618
SIMD3<Float>(-0.1372171, 0.004773237, -1.5730047)
0.00000000
CMRotationMatrix(m11: 0.0, m12: 0.0, m13: 0.0, m21: 0.0, m22: 0.0, m23: 0.0, m31: 0.0, m32: 0.0, m33: 0.0)

8
11430.923207458
normal
simd_float4x4([[0.014746985, -0.9945456, 0.103254594, 0.0], [0.9998879, 0.014933996, 0.001038291, 0.0], [-0.0025746292, 0.10322771, 0.99465436, 0.0], [-0.26134112, -0.012381496, 0.051674828, 0.9999999]])
-0.26134112, -0.012381496, 0.051674828
SIMD3<Float>(-0.10341193, -0.0025884605, -1.5557816)
0.00000000
CMRotationMatrix(m11: 0.0, m12: 0.0, m13: 0.0, m21: 0.0, m22: 0.0, m23: 0.0, m31: 0.0, m32: 0.0, m33: 0.0)

9
11431.939754166
normal
simd_float4x4([[0.0062031983, -0.98864686, 0.15012921, 0.0], [0.9981109, -0.0030556438, -0.061363358, 0.0], [0.06112544, 0.15022624, 0.9867603, 0.0], [-0.19144508, -0.02036719, 0.045659468, 1.0]])
-0.19144508, -0.02036719, 0.045659468
SIMD3<Float>(-0.1507971, 0.061866526, -1.5738871)
0.00000000
CMRotationMatrix(m11: 0.0, m12: 0.0, m13: 0.0, m21: 0.0, m22: 0.0, m23: 0.0, m31: 0.0, m32: 0.0, m33: 0.0)

10
11432.956300875
normal
simd_float4x4([[-0.0014157796, -0.9852748, 0.17097242, 0.0], [0.9952625, -0.01800923, -0.09554157, 0.0], [0.09721377, 0.17002715, 0.9806326, 0.0], [-0.009294463, -0.012496726, 0.02923669, 0.99999994]])
-0.009294463, -0.012496726, 0.02923669
SIMD3<Float>(-0.17085722, 0.09881089, -1.5890727)
0.00000000
CMRotationMatrix(m11: 0.0, m12: 0.0, m13: 0.0, m21: 0.0, m22: 0.0, m23: 0.0, m31: 0.0, m32: 0.0, m33: 0.0)

11
11433.972847833
normal
simd_float4x4([[-0.011396985, -0.98471, 0.1738288, 0.0], [0.9970467, -0.024394616, -0.072820485, 0.0], [0.075947545, 0.17248546, 0.9820798, 0.0], [0.13736326, -0.026791748, 0.02812159, 0.9999999]])
0.13736326, -0.026791748, 0.02812159
SIMD3<Float>(-0.17335239, 0.07717976, -1.5955646)
0.00000000
CMRotationMatrix(m11: 0.0, m12: 0.0, m13: 0.0, m21: 0.0, m22: 0.0, m23: 0.0, m31: 0.0, m32: 0.0, m33: 0.0)

12
11434.989394625
normal
simd_float4x4([[-0.0009529884, -0.98716927, 0.15967476, 0.0], [0.9999194, -0.0029623169, -0.012346326, 0.0], [0.01266092, 0.15965012, 0.9870925, 0.0], [0.16982313, -0.037496023, 0.028125677, 1.0]])
0.16982313, -0.037496023, 0.028125677
SIMD3<Float>(-0.16033621, 0.012825774, -1.5737971)
0.00000000
CMRotationMatrix(m11: 0.0, m12: 0.0, m13: 0.0, m21: 0.0, m22: 0.0, m23: 0.0, m31: 0.0, m32: 0.0, m33: 0.0)

13
11436.0059415
normal
simd_float4x4([[-0.013604543, -0.99277306, 0.119232856, 0.0], [0.99551755, -0.002286638, 0.094549835, 0.0], [-0.0935939, 0.119984694, 0.98835415, 0.0], [-0.0077844886, -0.02820143, 0.03683956, 1.0]])
-0.0077844886, -0.02820143, 0.03683956
SIMD3<Float>(-0.12027446, -0.09441518, -1.5730996)
0.00000000
CMRotationMatrix(m11: 0.0, m12: 0.0, m13: 0.0, m21: 0.0, m22: 0.0, m23: 0.0, m31: 0.0, m32: 0.0, m33: 0.0)
