ARKit Data

1
8750.393313708
normal
simd_float4x4([[-0.024664981, -0.9877143, -0.1543117, 0.0], [0.9996942, -0.024094231, -0.0055680713, 0.0], [0.0017816402, -0.15440182, 0.9880066, 0.0], [-0.0028073539, 6.772444e-05, -0.0044315406, 0.99999994]])
-0.0028073539, 6.772444e-05, -0.0044315406
SIMD3<Float>(0.155022, 0.0018032657, -1.5951854)
0.00000000
CMRotationMatrix(m11: 0.0, m12: 0.0, m13: 0.0, m21: 0.0, m22: 0.0, m23: 0.0, m31: 0.0, m32: 0.0, m33: 0.0)

2
8750.609955125
normal
simd_float4x4([[-0.029904421, -0.9877197, -0.15334749, 0.0], [0.9995508, -0.029859828, -0.0025943771, 0.0], [-0.0020164144, -0.1533562, 0.988169, 0.0], [-0.0017579413, 0.0001478368, -0.005802521, 0.99999994]])
-0.0017579413, 0.0001478368, -0.005802521
SIMD3<Float>(0.15396376, -0.0020405534, -1.6010182)
0.00000000
CMRotationMatrix(m11: 0.0, m12: 0.0, m13: 0.0, m21: 0.0, m22: 0.0, m23: 0.0, m31: 0.0, m32: 0.0, m33: 0.0)

3
8750.826596625
normal
simd_float4x4([[-0.026724942, -0.9872386, -0.15698943, 0.0], [0.9996023, -0.027807435, 0.004702637, 0.0], [-0.009008098, -0.1568013, 0.9875892, 0.0], [-0.0017855898, 0.00016937777, -0.0058316886, 1.0]])
-0.0017855898, 0.00016937777, -0.0058316886
SIMD3<Float>(0.15745105, -0.009121048, -1.5989558)
0.00000000
CMRotationMatrix(m11: 0.0, m12: 0.0, m13: 0.0, m21: 0.0, m22: 0.0, m23: 0.0, m31: 0.0, m32: 0.0, m33: 0.0)

4
8751.043238083
normal
simd_float4x4([[-0.025941376, -0.9878076, -0.15350303, 0.0], [0.9996211, -0.02704817, 0.0051259464, 0.0], [-0.009215427, -0.15331185, 0.988135, 0.0], [-0.00087357184, -0.00023515284, -0.0077350573, 0.99999994]])
-0.00087357184, -0.00023515284, -0.0077350573
SIMD3<Float>(0.15391888, -0.009325811, -1.5981715)
0.00000000
CMRotationMatrix(m11: 0.0, m12: 0.0, m13: 0.0, m21: 0.0, m22: 0.0, m23: 0.0, m31: 0.0, m32: 0.0, m33: 0.0)

5
8751.259879708
normal
simd_float4x4([[-0.025372045, -0.9876458, -0.15463446, 0.0], [0.99964935, -0.026236357, 0.0035508361, 0.0], [-0.007564018, -0.15449016, 0.98796535, 0.0], [2.8377219e-05, -0.00044680282, -0.006391801, 0.9999999]])
2.8377219e-05, -0.00044680282, -0.006391801
SIMD3<Float>(0.1551114, -0.0076560075, -1.5973547)
0.00000000
CMRotationMatrix(m11: 0.0, m12: 0.0, m13: 0.0, m21: 0.0, m22: 0.0, m23: 0.0, m31: 0.0, m32: 0.0, m33: 0.0)

6
8751.476521208
normal
simd_float4x4([[-0.025041427, -0.98797363, -0.15258117, 0.0], [0.9996865, -0.024765251, -0.0037105237, 0.0], [-0.000112813264, -0.15262623, 0.988284, 0.0], [-0.00069338595, -0.00044774637, -0.0057273638, 1.0]])
-0.00069338595, -0.00044774637, -0.0057273638
SIMD3<Float>(0.1532251, -0.00011415065, -1.5958577)
0.00000000
CMRotationMatrix(m11: 0.0, m12: 0.0, m13: 0.0, m21: 0.0, m22: 0.0, m23: 0.0, m31: 0.0, m32: 0.0, m33: 0.0)

7
8751.693162708
normal
simd_float4x4([[-0.026035937, -0.9883065, -0.15024096, 0.0], [0.99963963, -0.024755474, -0.010387022, 0.0], [0.006546276, -0.15045722, 0.9885949, 0.0], [-0.00027404603, -0.0006316294, -0.0055563394, 0.9999999]])
-0.00027404603, -0.0006316294, -0.0055563394
SIMD3<Float>(0.15103073, 0.0066217016, -1.5958395)
0.00000000
CMRotationMatrix(m11: 0.0, m12: 0.0, m13: 0.0, m21: 0.0, m22: 0.0, m23: 0.0, m31: 0.0, m32: 0.0, m33: 0.0)

8
8751.909804416
normal
simd_float4x4([[-0.03046247, -0.98780745, -0.15267108, 0.0], [0.9993205, -0.02692749, -0.02516908, 0.0], [0.020751158, -0.15333404, 0.9879565, 0.0], [-0.00073651236, -0.000526817, -0.0033142786, 0.99999994]])
-0.00073651236, -0.000526817, -0.0033142786
SIMD3<Float>(0.15394133, 0.021001032, -1.5980494)
0.00000000
CMRotationMatrix(m11: 0.0, m12: 0.0, m13: 0.0, m21: 0.0, m22: 0.0, m23: 0.0, m31: 0.0, m32: 0.0, m33: 0.0)

9
8752.126446
normal
simd_float4x4([[-0.03396222, -0.9876864, -0.15271585, 0.0], [0.99864984, -0.02752756, -0.044054125, 0.0], [0.039307773, -0.15400581, 0.98728776, 0.0], [-0.0016805354, -0.001139955, -0.002608194, 0.99999994]])
-0.0016805354, -0.001139955, -0.002608194
SIMD3<Float>(0.15462118, 0.03979288, -1.5986599)
0.00000000
CMRotationMatrix(m11: 0.0, m12: 0.0, m13: 0.0, m21: 0.0, m22: 0.0, m23: 0.0, m31: 0.0, m32: 0.0, m33: 0.0)

10
8752.343087541
normal
simd_float4x4([[-0.035744283, -0.9884706, -0.14713326, 0.0], [0.99775666, -0.026958888, -0.061277952, 0.0], [0.056604896, -0.14899352, 0.9872167, 0.0], [-0.00398066, -0.00079269335, -0.0049849874, 1.0]])
-0.00398066, -0.00079269335, -0.0049849874
SIMD3<Float>(0.14955035, 0.05727515, -1.5980629)
0.00000000
CMRotationMatrix(m11: 0.0, m12: 0.0, m13: 0.0, m21: 0.0, m22: 0.0, m23: 0.0, m31: 0.0, m32: 0.0, m33: 0.0)

11
8752.559729166
normal
simd_float4x4([[-0.03259574, -0.9887263, -0.14614302, 0.0], [0.9970611, -0.022024654, -0.073377326, 0.0], [0.069331355, -0.14810528, 0.98653847, 0.0], [-0.0076093515, 4.4301152e-05, -0.004793904, 1.0]])
-0.0076093515, 4.4301152e-05, -0.004793904
SIMD3<Float>(0.14865215, 0.07016204, -1.5930685)
0.00000000
CMRotationMatrix(m11: 0.0, m12: 0.0, m13: 0.0, m21: 0.0, m22: 0.0, m23: 0.0, m31: 0.0, m32: 0.0, m33: 0.0)

12
8752.776370708
normal
simd_float4x4([[-0.034606606, -0.9889179, -0.14437358, 0.0], [0.99594986, -0.022130238, -0.08714512, 0.0], [0.08298435, -0.14680462, 0.9856785, 0.0], [-0.009294207, -0.00069228694, -0.0029657814, 0.99999994]])
-0.009294207, -0.00069228694, -0.0029657814
SIMD3<Float>(0.14733711, 0.08399201, -1.5931709)
0.00000000
CMRotationMatrix(m11: 0.0, m12: 0.0, m13: 0.0, m21: 0.0, m22: 0.0, m23: 0.0, m31: 0.0, m32: 0.0, m33: 0.0)

13
8752.993012333
normal
simd_float4x4([[-0.027461892, -0.9897945, -0.13983111, 0.0], [0.9951727, -0.013886067, -0.0971527, 0.0], [0.094219506, -0.14182408, 0.9853978, 0.0], [-0.009643092, -0.0014829274, -0.0039451374, 1.0000001]])
-0.009643092, -0.0014829274, -0.0039451374
SIMD3<Float>(0.14230388, 0.09532591, -1.5848247)
0.00000000
CMRotationMatrix(m11: 0.0, m12: 0.0, m13: 0.0, m21: 0.0, m22: 0.0, m23: 0.0, m31: 0.0, m32: 0.0, m33: 0.0)

14
8753.209653958
normal
simd_float4x4([[-0.025255432, -0.99225724, -0.121605136, 0.0], [0.9948638, -0.013019547, -0.10038208, 0.0], [0.09802159, -0.12351573, 0.9874896, 0.0], [-0.010342593, -0.0025998652, -0.0044248467, 1.0]])
-0.010342593, -0.0025998652, -0.0044248467
SIMD3<Float>(0.12383197, 0.09893931, -1.5839167)
0.00000000
CMRotationMatrix(m11: 0.0, m12: 0.0, m13: 0.0, m21: 0.0, m22: 0.0, m23: 0.0, m31: 0.0, m32: 0.0, m33: 0.0)

15
8753.426295625
normal
simd_float4x4([[-0.016268846, -0.9938691, -0.1093591, 0.0], [0.99623555, -0.0067983093, -0.08642142, 0.0], [0.08514813, -0.11035339, 0.9902384, 0.0], [-0.011026479, -0.0041097775, -0.0034378842, 1.0]])
-0.011026479, -0.0041097775, -0.0034378842
SIMD3<Float>(0.110578604, 0.085776515, -1.5776365)
0.00000000
CMRotationMatrix(m11: 0.0, m12: 0.0, m13: 0.0, m21: 0.0, m22: 0.0, m23: 0.0, m31: 0.0, m32: 0.0, m33: 0.0)

16
8753.642937416
normal
simd_float4x4([[-0.011360323, -0.9942343, -0.106626146, 0.0], [0.9981663, -0.004935212, -0.06032981, 0.0], [0.05945574, -0.107115984, 0.9924672, 0.0], [-0.007910101, -0.0041919798, -0.0048594014, 1.0]])
-0.007910101, -0.0041919798, -0.0048594014
SIMD3<Float>(0.10732189, 0.059835497, -1.5757601)
0.00000000
CMRotationMatrix(m11: 0.0, m12: 0.0, m13: 0.0, m21: 0.0, m22: 0.0, m23: 0.0, m31: 0.0, m32: 0.0, m33: 0.0)

17
8753.859579041
normal
simd_float4x4([[-0.007586548, -0.9940531, -0.10863146, 0.0], [0.9995569, -0.004411528, -0.029437993, 0.0], [0.028783698, -0.108806655, 0.99364614, 0.0], [-0.0047751097, -0.003921654, -0.0032654167, 1.0]])
-0.0047751097, -0.003921654, -0.0032654167
SIMD3<Float>(0.1090225, 0.028959656, -1.5752342)
0.00000000
CMRotationMatrix(m11: 0.0, m12: 0.0, m13: 0.0, m21: 0.0, m22: 0.0, m23: 0.0, m31: 0.0, m32: 0.0, m33: 0.0)

18
8754.076220625
normal
simd_float4x4([[-0.0048485994, -0.9942963, -0.10654271, 0.0], [0.99995744, -0.003983572, -0.008330388, 0.0], [0.0078584505, -0.10657856, 0.99427325, 0.0], [-0.0033137284, -0.0025666296, -0.0048089377, 0.99999994]])
-0.0033137284, -0.0025666296, -0.0048089377
SIMD3<Float>(0.10678137, 0.007903549, -1.5748028)
0.00000000
CMRotationMatrix(m11: 0.0, m12: 0.0, m13: 0.0, m21: 0.0, m22: 0.0, m23: 0.0, m31: 0.0, m32: 0.0, m33: 0.0)

19
8754.29286225
normal
simd_float4x4([[-0.0024049047, -0.9942803, -0.10677481, 0.0], [0.999919, -0.0037255452, 0.012170718, 0.0], [-0.012498903, -0.10673688, 0.9942089, 0.0], [-0.0032682144, -0.0030723363, -0.0051049264, 1.0]])
-0.0032682144, -0.0030723363, -0.0051049264
SIMD3<Float>(0.1069406, -0.012571045, -1.5745432)
0.00000000
CMRotationMatrix(m11: 0.0, m12: 0.0, m13: 0.0, m21: 0.0, m22: 0.0, m23: 0.0, m31: 0.0, m32: 0.0, m33: 0.0)

20
8754.509503791
normal
simd_float4x4([[-0.00010368753, -0.994126, -0.10822837, 0.0], [0.9994939, -0.003545955, 0.03161363, 0.0], [-0.031811707, -0.10817031, 0.9936234, 0.0], [-0.0040183263, -0.0025479347, -0.0056121126, 1.0]])
-0.0040183263, -0.0025479347, -0.0056121126
SIMD3<Float>(0.108382374, -0.032004926, -1.5743632)
0.00000000
CMRotationMatrix(m11: 0.0, m12: 0.0, m13: 0.0, m21: 0.0, m22: 0.0, m23: 0.0, m31: 0.0, m32: 0.0, m33: 0.0)

21
8754.7261455
normal
simd_float4x4([[-0.0020714665, -0.99401027, -0.109267, 0.0], [0.9987129, -0.0075939284, 0.050149105, 0.0], [-0.050678495, -0.109022476, 0.9927466, 0.0], [-0.0048715374, -0.0015359571, -0.0075884536, 0.99999994]])
-0.0048715374, -0.0015359571, -0.0075884536
SIMD3<Float>(0.10923961, -0.0510045, -1.5784359)
0.00000000
CMRotationMatrix(m11: 0.0, m12: 0.0, m13: 0.0, m21: 0.0, m22: 0.0, m23: 0.0, m31: 0.0, m32: 0.0, m33: 0.0)

22
8754.942787291
normal
simd_float4x4([[0.00067795615, -0.9943229, -0.106403135, 0.0], [0.99763733, -0.006637233, 0.06838057, 0.0], [-0.068698585, -0.10619808, 0.9919691, 0.0], [-0.005568933, -0.0007156208, -0.009255058, 1.0]])
-0.005568933, -0.0007156208, -0.009255058
SIMD3<Float>(0.10639872, -0.06914436, -1.5774714)
0.00000000
CMRotationMatrix(m11: 0.0, m12: 0.0, m13: 0.0, m21: 0.0, m22: 0.0, m23: 0.0, m31: 0.0, m32: 0.0, m33: 0.0)

23
8755.159428916
normal
simd_float4x4([[0.0059788586, -0.9936524, -0.11233468, 0.0], [0.99709916, -0.002600322, 0.07607029, 0.0], [-0.07587953, -0.112463616, 0.9907545, 0.0], [-0.0055708853, 0.00041349232, -0.009595196, 1.0]])
-0.0055708853, 0.00041349232, -0.009595196
SIMD3<Float>(0.11270205, -0.0764384, -1.5734133)
0.00000000
CMRotationMatrix(m11: 0.0, m12: 0.0, m13: 0.0, m21: 0.0, m22: 0.0, m23: 0.0, m31: 0.0, m32: 0.0, m33: 0.0)

24
8755.376070625
normal
simd_float4x4([[0.005253804, -0.99336994, -0.11484168, 0.0], [0.9959774, -0.005074966, 0.089462206, 0.0], [-0.08945187, -0.11484972, 0.9893473, 0.0], [-0.0024735834, -0.000103977916, -0.0058141947, 0.99999994]])
-0.0024735834, -0.000103977916, -0.0058141947
SIMD3<Float>(0.115103714, -0.09016986, -1.5759051)
0.00000000
CMRotationMatrix(m11: 0.0, m12: 0.0, m13: 0.0, m21: 0.0, m22: 0.0, m23: 0.0, m31: 0.0, m32: 0.0, m33: 0.0)

25
8755.5927125
normal
simd_float4x4([[0.005246118, -0.99406505, -0.10866008, 0.0], [0.99439466, -0.006289192, 0.10554546, 0.0], [-0.10560246, -0.1086047, 0.98846, 0.0], [-0.0007625726, 0.0009681979, -0.004760977, 0.99999994]])
-0.0007625726, 0.0009681979, -0.004760977
SIMD3<Float>(0.108819336, -0.10643163, -1.5771229)
0.00000000
CMRotationMatrix(m11: 0.0, m12: 0.0, m13: 0.0, m21: 0.0, m22: 0.0, m23: 0.0, m31: 0.0, m32: 0.0, m33: 0.0)

26
8755.809354208
normal
simd_float4x4([[0.007857675, -0.9942316, -0.10696656, 0.0], [0.99294776, -0.0048963786, 0.11845193, 0.0], [-0.11829239, -0.107142955, 0.9871816, 0.0], [0.0008642301, 0.0007975586, -0.0022115773, 1.0]])
0.0008642301, 0.0007975586, -0.0022115773
SIMD3<Float>(0.107349016, -0.11925976, -1.575721)
0.00000000
CMRotationMatrix(m11: 0.0, m12: 0.0, m13: 0.0, m21: 0.0, m22: 0.0, m23: 0.0, m31: 0.0, m32: 0.0, m33: 0.0)

27
8756.025995958
normal
simd_float4x4([[0.011913806, -0.99443513, -0.10467439, 0.0], [0.99125576, -0.002012322, 0.13194013, 0.0], [-0.13141654, -0.10533099, 0.98571557, 0.0], [0.00025018165, 0.00085430965, -0.0016117455, 1.0]])
0.00025018165, 0.00085430965, -0.0016117455
SIMD3<Float>(0.10552674, -0.13253938, -1.57282)
0.00000000
CMRotationMatrix(m11: 0.0, m12: 0.0, m13: 0.0, m21: 0.0, m22: 0.0, m23: 0.0, m31: 0.0, m32: 0.0, m33: 0.0)

28
8756.242637541
normal
simd_float4x4([[0.012010538, -0.99521685, -0.09694973, 0.0], [0.9899086, -0.0018568931, 0.14169556, 0.0], [-0.14119783, -0.09767319, 0.98515135, 0.0], [0.0007240749, 0.00047599524, -0.0031504426, 1.0]])
0.0007240749, 0.00047599524, -0.0031504426
SIMD3<Float>(0.09782916, -0.14235653, -1.5726621)
0.00000000
CMRotationMatrix(m11: 0.0, m12: 0.0, m13: 0.0, m21: 0.0, m22: 0.0, m23: 0.0, m31: 0.0, m32: 0.0, m33: 0.0)

29
8756.459279375
normal
simd_float4x4([[0.00993149, -0.99495345, -0.09984481, 0.0], [0.9890972, -0.004896967, 0.14718305, 0.0], [-0.14692922, -0.10021796, 0.98405707, 0.0], [0.0025164904, 0.0013505332, -0.00036370847, 1.0]])
0.0025164904, 0.0013505332, -0.00036370847
SIMD3<Float>(0.100386485, -0.14821473, -1.575718)
0.00000000
CMRotationMatrix(m11: 0.0, m12: 0.0, m13: 0.0, m21: 0.0, m22: 0.0, m23: 0.0, m31: 0.0, m32: 0.0, m33: 0.0)

30
8756.675921125
normal
simd_float4x4([[0.008848828, -0.9946102, -0.10330605, 0.0], [0.98842424, -0.0069477363, 0.15155634, 0.0], [-0.15145725, -0.10345129, 0.9830354, 0.0], [0.0042970153, 0.001479987, 0.0011760471, 1.0]])
0.0042970153, 0.001479987, 0.0011760471
SIMD3<Float>(0.10363671, -0.15286897, -1.5777816)
0.00000000
CMRotationMatrix(m11: 0.0, m12: 0.0, m13: 0.0, m21: 0.0, m22: 0.0, m23: 0.0, m31: 0.0, m32: 0.0, m33: 0.0)

31
8756.892562958
normal
simd_float4x4([[0.0053516906, -0.99448526, -0.10473949, 0.0], [0.98769855, -0.011112183, 0.1559752, 0.0], [-0.15627891, -0.10428576, 0.9821923, 0.0], [0.0065281484, 0.0009548132, 0.0022422334, 1.0000001]])
0.0065281484, 0.0009548132, 0.0022422334
SIMD3<Float>(0.10447572, -0.15778963, -1.5819696)
0.00000000
CMRotationMatrix(m11: 0.0, m12: 0.0, m13: 0.0, m21: 0.0, m22: 0.0, m23: 0.0, m31: 0.0, m32: 0.0, m33: 0.0)

32
8757.109204708
normal
simd_float4x4([[0.0022980827, -0.99380785, -0.11108859, 0.0], [0.98642117, -0.015990231, 0.163456, 0.0], [-0.16422018, -0.10995575, 0.9802763, 0.0], [0.0072320867, 0.0012412071, 0.0015518162, 1.0]])
0.0072320867, 0.0012412071, 0.0015518162
SIMD3<Float>(0.11017853, -0.1659831, -1.5868849)
0.00000000
CMRotationMatrix(m11: 0.0, m12: 0.0, m13: 0.0, m21: 0.0, m22: 0.0, m23: 0.0, m31: 0.0, m32: 0.0, m33: 0.0)

33
8757.325846583
normal
simd_float4x4([[-0.00040976686, -0.9930402, -0.11777529, 0.0], [0.984924, -0.020774422, 0.17173596, 0.0], [-0.17298742, -0.11592933, 0.97807765, 0.0], [0.0076674437, 0.00020651787, 0.00089409, 1.0000001]])
0.0076674437, 0.00020651787, 0.00089409
SIMD3<Float>(0.11619058, -0.17505439, -1.5917133)
0.00000000
CMRotationMatrix(m11: 0.0, m12: 0.0, m13: 0.0, m21: 0.0, m22: 0.0, m23: 0.0, m31: 0.0, m32: 0.0, m33: 0.0)

34
8757.542488375
normal
simd_float4x4([[-0.005183589, -0.99034464, -0.13853025, 0.0], [0.98456156, -0.029292613, 0.17257042, 0.0], [-0.1749621, -0.13549703, 0.97520715, 0.0], [0.008699857, 0.0014067441, 0.0036429856, 1.0]])
0.008699857, 0.0014067441, 0.0036429856
SIMD3<Float>(0.1359151, -0.17752159, -1.6003659)
0.00000000
CMRotationMatrix(m11: 0.0, m12: 0.0, m13: 0.0, m21: 0.0, m22: 0.0, m23: 0.0, m31: 0.0, m32: 0.0, m33: 0.0)

35
8757.759130208
normal
simd_float4x4([[-0.008781244, -0.98885775, -0.14860412, 0.0], [0.9848049, -0.034328394, 0.17023815, 0.0], [-0.17344268, -0.14485113, 0.9741334, 0.0], [0.010832674, 0.0017451271, 0.004173722, 1.0]])
0.010832674, 0.0017451271, 0.004173722
SIMD3<Float>(0.14536251, -0.17620173, -1.6054976)
0.00000000
CMRotationMatrix(m11: 0.0, m12: 0.0, m13: 0.0, m21: 0.0, m22: 0.0, m23: 0.0, m31: 0.0, m32: 0.0, m33: 0.0)

36
8757.975771916
normal
simd_float4x4([[-0.012524959, -0.9878556, -0.15486902, 0.0], [0.9854291, -0.038468286, 0.16567975, 0.0], [-0.16962522, -0.15053728, 0.97394353, 0.0], [0.011625002, 0.001592538, 0.004268926, 0.99999994]])
0.011625002, 0.001592538, 0.004268926
SIMD3<Float>(0.15111172, -0.17243372, -1.6097178)
0.00000000
CMRotationMatrix(m11: 0.0, m12: 0.0, m13: 0.0, m21: 0.0, m22: 0.0, m23: 0.0, m31: 0.0, m32: 0.0, m33: 0.0)

37
8758.192413708
normal
simd_float4x4([[-0.015812803, -0.9865604, -0.16263002, 0.0], [0.98704475, -0.041374743, 0.15501902, 0.0], [-0.15966442, -0.1580718, 0.97443354, 0.0], [0.011729118, 0.0028365664, 0.0064881174, 1.0]])
0.011729118, 0.0028365664, 0.0064881174
SIMD3<Float>(0.1587376, -0.16241038, -1.6127101)
0.00000000
CMRotationMatrix(m11: 0.0, m12: 0.0, m13: 0.0, m21: 0.0, m22: 0.0, m23: 0.0, m31: 0.0, m32: 0.0, m33: 0.0)

38
8758.409055625
normal
simd_float4x4([[-0.01741103, -0.9843973, -0.17509675, 0.0], [0.9883293, -0.043450717, 0.14600463, 0.0], [-0.15133466, -0.17051114, 0.97366524, 0.0], [0.011222179, 0.0036321841, 0.00877601, 1.0]])
0.011222179, 0.0036321841, 0.00877601
SIMD3<Float>(0.17134838, -0.15419406, -1.6149071)
0.00000000
CMRotationMatrix(m11: 0.0, m12: 0.0, m13: 0.0, m21: 0.0, m22: 0.0, m23: 0.0, m31: 0.0, m32: 0.0, m33: 0.0)

39
8758.625697458
normal
simd_float4x4([[-0.020537788, -0.98276615, -0.18370871, 0.0], [0.98991656, -0.045747343, 0.13406141, 0.0], [-0.14015521, -0.17910297, 0.97379607, 0.0], [0.010099311, 0.004514631, 0.009673209, 1.0]])
0.010099311, 0.004514631, 0.009673209
SIMD3<Float>(0.1800746, -0.14294502, -1.6173123)
0.00000000
CMRotationMatrix(m11: 0.0, m12: 0.0, m13: 0.0, m21: 0.0, m22: 0.0, m23: 0.0, m31: 0.0, m32: 0.0, m33: 0.0)

40
8758.84233925
normal
simd_float4x4([[-0.025032401, -0.9812435, -0.1911401, 0.0], [0.9919409, -0.048135553, 0.11720221, 0.0], [-0.124204546, -0.1866658, 0.97454053, 0.0], [0.00931128, 0.0063490607, 0.011122965, 1.0]])
0.00931128, 0.0063490607, 0.011122965
SIMD3<Float>(0.1877672, -0.12676592, -1.6198127)
0.00000000
CMRotationMatrix(m11: 0.0, m12: 0.0, m13: 0.0, m21: 0.0, m22: 0.0, m23: 0.0, m31: 0.0, m32: 0.0, m33: 0.0)

41
8759.05898125
normal
simd_float4x4([[-0.027298907, -0.9799649, -0.19729029, 0.0], [0.9930611, -0.049170554, 0.10682706, 0.0], [-0.114387654, -0.19300504, 0.9745074, 0.0], [0.009024519, 0.006001933, 0.012323353, 0.99999994]])
0.009024519, 0.006001933, 0.012323353
SIMD3<Float>(0.19422385, -0.1168453, -1.6209301)
0.00000000
CMRotationMatrix(m11: 0.0, m12: 0.0, m13: 0.0, m21: 0.0, m22: 0.0, m23: 0.0, m31: 0.0, m32: 0.0, m33: 0.0)

42
8759.275623041
normal
simd_float4x4([[-0.02899339, -0.9776688, -0.2081421, 0.0], [0.9940517, -0.05007016, 0.0967181, 0.0], [-0.104979984, -0.2040998, 0.9733049, 0.0], [0.009163868, 0.0067286193, 0.013680565, 1.0]])
0.009163868, 0.0067286193, 0.013680565
SIMD3<Float>(0.20554407, -0.10744393, -1.6219654)
0.00000000
CMRotationMatrix(m11: 0.0, m12: 0.0, m13: 0.0, m21: 0.0, m22: 0.0, m23: 0.0, m31: 0.0, m32: 0.0, m33: 0.0)

43
8759.492264875
normal
simd_float4x4([[-0.0329354, -0.97735703, -0.20901795, 0.0], [0.9955273, -0.05060861, 0.0797759, 0.0], [-0.08854764, -0.20545562, 0.97465247, 0.0], [0.006857395, 0.0068094134, 0.014717237, 1.0]])
0.006857395, 0.0068094134, 0.014717237
SIMD3<Float>(0.20692924, -0.09060175, -1.6225312)
0.00000000
CMRotationMatrix(m11: 0.0, m12: 0.0, m13: 0.0, m21: 0.0, m22: 0.0, m23: 0.0, m31: 0.0, m32: 0.0, m33: 0.0)

44
8759.708906833
normal
simd_float4x4([[-0.038772043, -0.97501343, -0.21873622, 0.0], [0.9968544, -0.05288367, 0.059030972, 0.0], [-0.069123566, -0.2157594, 0.9739969, 0.0], [0.0034886631, 0.006852417, 0.017215675, 0.99999994]])
0.0034886631, 0.006852417, 0.017215675
SIMD3<Float>(0.21746948, -0.07085019, -1.6249821)
0.00000000
CMRotationMatrix(m11: 0.0, m12: 0.0, m13: 0.0, m21: 0.0, m22: 0.0, m23: 0.0, m31: 0.0, m32: 0.0, m33: 0.0)

45
8759.925548541
normal
simd_float4x4([[-0.045978714, -0.9733737, -0.22456503, 0.0], [0.9978769, -0.055134807, 0.034670074, 0.0], [-0.046128288, -0.22249414, 0.9738422, 0.0], [0.0016221711, 0.006863106, 0.016736653, 1.0]])
0.0016221711, 0.006863106, 0.016736653
SIMD3<Float>(0.224372, -0.047331933, -1.6273788)
0.00000000
CMRotationMatrix(m11: 0.0, m12: 0.0, m13: 0.0, m21: 0.0, m22: 0.0, m23: 0.0, m31: 0.0, m32: 0.0, m33: 0.0)

46
8760.142190583
normal
simd_float4x4([[-0.046626426, -0.9732522, -0.22495815, 0.0], [0.9984256, -0.052436523, 0.019919023, 0.0], [-0.031182257, -0.2236752, 0.9741649, 0.0], [0.00060871884, 0.0071808645, 0.016020654, 0.99999994]])
0.00060871884, 0.0071808645, 0.016020654
SIMD3<Float>(0.2255836, -0.03199829, -1.6246219)
0.00000000
CMRotationMatrix(m11: 0.0, m12: 0.0, m13: 0.0, m21: 0.0, m22: 0.0, m23: 0.0, m31: 0.0, m32: 0.0, m33: 0.0)

47
8760.358832416
normal
simd_float4x4([[-0.047239576, -0.97336465, -0.22434302, 0.0], [0.998775, -0.0493399, 0.0037621595, 0.0], [-0.014731015, -0.22389045, 0.9745031, 0.0], [-0.00046732835, 0.005946122, 0.0167474, 1.0]])
-0.00046732835, 0.005946122, 0.0167474
SIMD3<Float>(0.22580443, -0.015115286, -1.621443)
0.00000000
CMRotationMatrix(m11: 0.0, m12: 0.0, m13: 0.0, m21: 0.0, m22: 0.0, m23: 0.0, m31: 0.0, m32: 0.0, m33: 0.0)

48
8760.5754745
normal
simd_float4x4([[-0.049634412, -0.9733596, -0.22384718, 0.0], [0.99874675, -0.04692745, -0.017399905, 0.0], [0.006431787, -0.22443025, 0.97446895, 0.0], [-0.0013155318, 0.006229069, 0.017638829, 1.0]])
-0.0013155318, 0.006229069, 0.017638829
SIMD3<Float>(0.22635832, 0.0066002035, -1.6189709)
0.00000000
CMRotationMatrix(m11: 0.0, m12: 0.0, m13: 0.0, m21: 0.0, m22: 0.0, m23: 0.0, m31: 0.0, m32: 0.0, m33: 0.0)

49
8760.7921165
normal
simd_float4x4([[-0.054094758, -0.97429734, -0.21867427, 0.0], [0.9981706, -0.046839632, -0.03823064, 0.0], [0.027005393, -0.22034228, 0.9750487, 0.0], [-0.0014768979, 0.0062533803, 0.017082948, 1.0]])
-0.0014768979, 0.0062533803, 0.017082948
SIMD3<Float>(0.22216536, 0.027689377, -1.6188346)
0.00000000
CMRotationMatrix(m11: 0.0, m12: 0.0, m13: 0.0, m21: 0.0, m22: 0.0, m23: 0.0, m31: 0.0, m32: 0.0, m33: 0.0)

50
8761.008758333
normal
simd_float4x4([[-0.055979274, -0.975189, -0.21417941, 0.0], [0.9974043, -0.044889253, -0.05630075, 0.0], [0.045289498, -0.2167751, 0.97517055, 0.0], [-0.0029179375, 0.005610626, 0.018343605, 1.0]])
-0.0029179375, 0.005610626, 0.018343605
SIMD3<Float>(0.21850981, 0.046409294, -1.6167952)
0.00000000
CMRotationMatrix(m11: 0.0, m12: 0.0, m13: 0.0, m21: 0.0, m22: 0.0, m23: 0.0, m31: 0.0, m32: 0.0, m33: 0.0)

51
8761.225400375
normal
simd_float4x4([[-0.058330946, -0.97559, -0.2117115, 0.0], [0.9964204, -0.04389847, -0.0722456, 0.0], [0.061188273, -0.21516779, 0.97465837, 0.0], [-0.004767415, 0.0039425455, 0.019828238, 1.0]])
-0.004767415, 0.0039425455, 0.019828238
SIMD3<Float>(0.21686365, 0.06269692, -1.6157628)
0.00000000
CMRotationMatrix(m11: 0.0, m12: 0.0, m13: 0.0, m21: 0.0, m22: 0.0, m23: 0.0, m31: 0.0, m32: 0.0, m33: 0.0)

52
8761.442042208
normal
simd_float4x4([[-0.0570684, -0.9779284, -0.2009957, 0.0], [0.9956628, -0.04093133, -0.083548896, 0.0], [0.073477805, -0.20489192, 0.97602266, 0.0], [-0.0067278226, 0.004257167, 0.019624064, 0.99999994]])
-0.0067278226, 0.004257167, 0.019624064
SIMD3<Float>(0.20635328, 0.07514115, -1.612627)
0.00000000
CMRotationMatrix(m11: 0.0, m12: 0.0, m13: 0.0, m21: 0.0, m22: 0.0, m23: 0.0, m31: 0.0, m32: 0.0, m33: 0.0)

53
8761.658684083
normal
simd_float4x4([[-0.04755032, -0.98113453, -0.18738739, 0.0], [0.99620086, -0.032878812, -0.08064111, 0.0], [0.0729587, -0.19050996, 0.9789704, 0.0], [-0.009110775, 0.0026927765, 0.018569374, 1.0000001]])
-0.009110775, 0.0026927765, 0.018569374
SIMD3<Float>(0.1916816, 0.07438844, -1.6042948)
0.00000000
CMRotationMatrix(m11: 0.0, m12: 0.0, m13: 0.0, m21: 0.0, m22: 0.0, m23: 0.0, m31: 0.0, m32: 0.0, m33: 0.0)

54
8761.875326041
normal
simd_float4x4([[-0.04005653, -0.98452526, -0.17060308, 0.0], [0.9962556, -0.02625965, -0.08237398, 0.0], [0.076619275, -0.17326386, 0.9818907, 0.0], [-0.011738919, 0.0013998263, 0.018547233, 1.0]])
-0.011738919, 0.0013998263, 0.018547233
SIMD3<Float>(0.17414269, 0.077874586, -1.5974624)
0.00000000
CMRotationMatrix(m11: 0.0, m12: 0.0, m13: 0.0, m21: 0.0, m22: 0.0, m23: 0.0, m31: 0.0, m32: 0.0, m33: 0.0)

55
8762.091968166
normal
simd_float4x4([[-0.030498302, -0.98804855, -0.15109575, 0.0], [0.99638164, -0.018054815, -0.08305271, 0.0], [0.079332106, -0.15308198, 0.9850241, 0.0], [-0.014388196, -0.0006102845, 0.018365905, 1.0]])
-0.014388196, -0.0006102845, 0.018365905
SIMD3<Float>(0.15368627, 0.08036478, -1.5890675)
0.00000000
CMRotationMatrix(m11: 0.0, m12: 0.0, m13: 0.0, m21: 0.0, m22: 0.0, m23: 0.0, m31: 0.0, m32: 0.0, m33: 0.0)

56
8762.308610125
normal
simd_float4x4([[-0.018949104, -0.99220943, -0.123131245, 0.0], [0.9962605, -0.0083545325, -0.08599601, 0.0], [0.08429736, -0.12430033, 0.9886574, 0.0], [-0.01760431, -0.0049133413, 0.015571679, 1.0]])
-0.01760431, -0.0049133413, 0.015571679
SIMD3<Float>(0.124622665, 0.08505875, -1.5792162)
0.00000000
CMRotationMatrix(m11: 0.0, m12: 0.0, m13: 0.0, m21: 0.0, m22: 0.0, m23: 0.0, m31: 0.0, m32: 0.0, m33: 0.0)

57
8762.525252
normal
simd_float4x4([[-0.015059794, -0.99413264, -0.10711461, 0.0], [0.99631864, -0.005877712, -0.085526384, 0.0], [0.084394984, -0.10800829, 0.9905613, 0.0], [-0.01963175, -0.0065328293, 0.016479049, 1.0]])
-0.01963175, -0.0065328293, 0.016479049
SIMD3<Float>(0.1082194, 0.0849939, -1.5767087)
0.00000000
CMRotationMatrix(m11: 0.0, m12: 0.0, m13: 0.0, m21: 0.0, m22: 0.0, m23: 0.0, m31: 0.0, m32: 0.0, m33: 0.0)

58
8762.741894
normal
simd_float4x4([[-0.0067997472, -0.99655735, -0.082627304, 0.0], [0.996634, -3.095872e-06, -0.08197985, 0.0], [0.08169737, -0.08290662, 0.9932029, 0.0], [-0.021060966, -0.011183715, 0.01546968, 0.99999994]])
-0.021060966, -0.011183715, 0.01546968
SIMD3<Float>(0.08300189, 0.0820717, -1.5707995)
0.00000000
CMRotationMatrix(m11: 0.0, m12: 0.0, m13: 0.0, m21: 0.0, m22: 0.0, m23: 0.0, m31: 0.0, m32: 0.0, m33: 0.0)

59
8762.958536083
normal
simd_float4x4([[-0.0067223976, -0.99810004, -0.061245378, 0.0], [0.9968705, -0.0018646498, -0.07903049, 0.0], [0.078766145, -0.06158498, 0.99498904, 0.0], [-0.021632755, -0.01423696, 0.011141425, 0.99999994]])
-0.021632755, -0.01423696, 0.011141425
SIMD3<Float>(0.061623976, 0.07899808, -1.5726645)
0.00000000
CMRotationMatrix(m11: 0.0, m12: 0.0, m13: 0.0, m21: 0.0, m22: 0.0, m23: 0.0, m31: 0.0, m32: 0.0, m33: 0.0)

60
8763.175178083
normal
simd_float4x4([[-0.005567083, -0.99831045, -0.05783882, 0.0], [0.9973323, -0.0013331634, -0.0729842, 0.0], [0.072783776, -0.058090825, 0.9956545, 0.0], [-0.021211943, -0.012415395, 0.011863902, 0.99999994]])
-0.021211943, -0.012415395, 0.011863902
SIMD3<Float>(0.058123548, 0.07297164, -1.5721318)
0.00000000
CMRotationMatrix(m11: 0.0, m12: 0.0, m13: 0.0, m21: 0.0, m22: 0.0, m23: 0.0, m31: 0.0, m32: 0.0, m33: 0.0)

61
8763.391819833
normal
simd_float4x4([[-0.0063732793, -0.9983839, -0.056470893, 0.0], [0.9974757, -0.0023532216, -0.07097058, 0.0], [0.070723, -0.056780655, 0.9958786, 0.0], [-0.021526964, -0.0116741145, 0.013049968, 0.99999994]])
-0.021526964, -0.0116741145, 0.013049968
SIMD3<Float>(0.05681121, 0.07089666, -1.5731534)
0.00000000
CMRotationMatrix(m11: 0.0, m12: 0.0, m13: 0.0, m21: 0.0, m22: 0.0, m23: 0.0, m31: 0.0, m32: 0.0, m33: 0.0)
