ARKit Data

1
8447.933037791
normal
simd_float4x4([[0.0029990508, -0.99782354, 0.065872245, 0.0], [0.9999688, 0.0034738865, 0.0070950785, 0.0], [-0.007308469, 0.06584891, 0.9978028, 0.0], [4.75497e-05, -0.0020324462, 0.003690889, 0.9999999]])
4.75497e-05, -0.0020324462, 0.003690889
SIMD3<Float>(-0.06589659, -0.0073244316, -1.5673149)
0.00000000
CMRotationMatrix(m11: 0.0, m12: 0.0, m13: 0.0, m21: 0.0, m22: 0.0, m23: 0.0, m31: 0.0, m32: 0.0, m33: 0.0)

2
8448.149678541
normal
simd_float4x4([[0.002934899, -0.9976205, 0.06888107, 0.0], [0.9999157, 0.0037992932, 0.012421437, 0.0], [-0.012653581, 0.068838805, 0.99754757, 0.0], [6.254064e-05, -0.0025933348, 0.001696704, 1.0]])
6.254064e-05, -0.0025933348, 0.001696704
SIMD3<Float>(-0.06889329, -0.012684009, -1.566988)
0.00000000
CMRotationMatrix(m11: 0.0, m12: 0.0, m13: 0.0, m21: 0.0, m22: 0.0, m23: 0.0, m31: 0.0, m32: 0.0, m33: 0.0)

3
8448.366318916
normal
simd_float4x4([[0.003089365, -0.9979128, 0.06450208, 0.0], [0.9998922, 0.004008757, 0.014129129, 0.0], [-0.01435821, 0.064451486, 0.99781764, 0.0], [0.00018018764, -0.0019573048, 0.0010773186, 1.0]])
0.00018018764, -0.0019573048, 0.0010773186
SIMD3<Float>(-0.06449619, -0.014388621, -1.5667793)
0.00000000
CMRotationMatrix(m11: 0.0, m12: 0.0, m13: 0.0, m21: 0.0, m22: 0.0, m23: 0.0, m31: 0.0, m32: 0.0, m33: 0.0)

4
8448.582959625
normal
simd_float4x4([[0.0037129081, -0.9978482, 0.06546176, 0.0], [0.9998852, 0.0046661627, 0.014415144, 0.0], [-0.014689579, 0.06540072, 0.997751, 0.0], [0.00043526414, -0.0021090594, 0.0010243948, 0.99999994]])
0.00043526414, -0.0021090594, 0.0010243948
SIMD3<Float>(-0.065447435, -0.014721626, -1.5661201)
0.00000000
CMRotationMatrix(m11: 0.0, m12: 0.0, m13: 0.0, m21: 0.0, m22: 0.0, m23: 0.0, m31: 0.0, m32: 0.0, m33: 0.0)

5
8448.799600333
normal
simd_float4x4([[0.005474818, -0.9979674, 0.06349121, 0.0], [0.99984664, 0.0065194303, 0.016257375, 0.0], [-0.016638255, 0.06339247, 0.9978501, 0.0], [-0.00010911515, -0.0020487048, 0.00086946134, 1.0]])
-0.00010911515, -0.0020487048, 0.00086946134
SIMD3<Float>(-0.063435, -0.016672557, -1.5642637)
0.00000000
CMRotationMatrix(m11: 0.0, m12: 0.0, m13: 0.0, m21: 0.0, m22: 0.0, m23: 0.0, m31: 0.0, m32: 0.0, m33: 0.0)

6
8449.016241125
normal
simd_float4x4([[0.0060661044, -0.99801236, 0.06272543, 0.0], [0.9998807, 0.006944809, 0.013800224, 0.0], [-0.014208412, 0.06263423, 0.99793535, 0.0], [-0.0003380931, -0.0018975635, 0.0009408476, 0.99999994]])
-0.0003380931, -0.0018975635, 0.0009408476
SIMD3<Float>(-0.06267525, -0.014236846, -1.5638378)
0.00000000
CMRotationMatrix(m11: 0.0, m12: 0.0, m13: 0.0, m21: 0.0, m22: 0.0, m23: 0.0, m31: 0.0, m32: 0.0, m33: 0.0)

7
8449.232881833
normal
simd_float4x4([[0.0052273734, -0.99808514, 0.061633963, 0.0], [0.9999075, 0.005991238, 0.012215275, 0.0], [-0.012561148, 0.06156441, 0.9980241, 0.0], [-5.983701e-05, -0.0013476163, 0.0017225733, 1.0]])
-5.983701e-05, -0.0013476163, 0.0017225733
SIMD3<Float>(-0.061603364, -0.012585352, -1.5647937)
0.00000000
CMRotationMatrix(m11: 0.0, m12: 0.0, m13: 0.0, m21: 0.0, m22: 0.0, m23: 0.0, m31: 0.0, m32: 0.0, m33: 0.0)

8
8449.449522458
normal
simd_float4x4([[0.0055161826, -0.99807507, 0.061772294, 0.0], [0.9998743, 0.006423814, 0.014504225, 0.0], [-0.014873117, 0.06168451, 0.997985, 0.0], [-0.00052505324, -0.0012197657, 0.0019425397, 1.0000001]])
-0.00052505324, -0.0012197657, 0.0019425397
SIMD3<Float>(-0.061723698, -0.014902044, -1.5643603)
0.00000000
CMRotationMatrix(m11: 0.0, m12: 0.0, m13: 0.0, m21: 0.0, m22: 0.0, m23: 0.0, m31: 0.0, m32: 0.0, m33: 0.0)

9
8449.666163208
normal
simd_float4x4([[0.003639716, -0.998125, 0.061099496, 0.0], [0.99987507, 0.0045721964, 0.015128806, 0.0], [-0.0153798, 0.0610368, 0.998017, 0.0], [0.00028903625, -0.0008861844, 0.0032338272, 0.99999994]])
0.00028903625, -0.0008861844, 0.0032338272
SIMD3<Float>(-0.06107476, -0.015409139, -1.5662155)
0.00000000
CMRotationMatrix(m11: 0.0, m12: 0.0, m13: 0.0, m21: 0.0, m22: 0.0, m23: 0.0, m31: 0.0, m32: 0.0, m33: 0.0)

10
8449.882804041
normal
simd_float4x4([[0.0003215813, -0.9981015, 0.061590265, 0.0], [0.9998351, 0.0014392512, 0.01810336, 0.0], [-0.018157631, 0.061574284, 0.9979374, 0.0], [0.0029622242, -0.0004080385, 0.0027962932, 1.0]])
0.0029622242, -0.0004080385, 0.0027962932
SIMD3<Float>(-0.061613258, -0.018193154, -1.5693543)
0.00000000
CMRotationMatrix(m11: 0.0, m12: 0.0, m13: 0.0, m21: 0.0, m22: 0.0, m23: 0.0, m31: 0.0, m32: 0.0, m33: 0.0)

11
8450.099444625
normal
simd_float4x4([[-0.002900569, -0.99811774, 0.06125774, 0.0], [0.9996541, -0.0012928818, 0.026267981, 0.0], [-0.02613934, 0.061312743, 0.9977763, 0.0], [0.006658371, 0.0005854927, 0.0054544387, 1.0]])
0.006658371, 0.0005854927, 0.0054544387
SIMD3<Float>(-0.06135122, -0.026191603, -1.5720917)
0.00000000
CMRotationMatrix(m11: 0.0, m12: 0.0, m13: 0.0, m21: 0.0, m22: 0.0, m23: 0.0, m31: 0.0, m32: 0.0, m33: 0.0)

12
8450.316085416
normal
simd_float4x4([[-0.0053976336, -0.9980289, 0.06252529, 0.0], [0.99949855, -0.0034334145, 0.03147975, 0.0], [-0.031203017, 0.062663846, 0.9975469, 0.0], [0.01267821, 0.00047199056, 0.006704117, 1.0]])
0.01267821, 0.00047199056, 0.006704117
SIMD3<Float>(-0.06270493, -0.031269554, -1.5742365)
0.00000000
CMRotationMatrix(m11: 0.0, m12: 0.0, m13: 0.0, m21: 0.0, m22: 0.0, m23: 0.0, m31: 0.0, m32: 0.0, m33: 0.0)

13
8450.53272625
normal
simd_float4x4([[-0.0057450486, -0.99813515, 0.060772445, 0.0], [0.99944276, -0.0037329048, 0.03317133, 0.0], [-0.032882612, 0.060929146, 0.9976004, 0.0], [0.01915242, 0.00054698065, 0.0065251747, 1.0]])
0.01915242, 0.00054698065, 0.0065251747
SIMD3<Float>(-0.06096691, -0.03294978, -1.5745362)
0.00000000
CMRotationMatrix(m11: 0.0, m12: 0.0, m13: 0.0, m21: 0.0, m22: 0.0, m23: 0.0, m31: 0.0, m32: 0.0, m33: 0.0)

14
8450.749367083
normal
simd_float4x4([[-0.0075945216, -0.99800485, 0.06267948, 0.0], [0.99960876, -0.0058893887, 0.027344063, 0.0], [-0.026920365, 0.06286261, 0.9976591, 0.0], [0.022417506, 0.0011336133, 0.009386449, 1.0]])
0.022417506, 0.0011336133, 0.009386449
SIMD3<Float>(-0.06290409, -0.026976986, -1.5766975)
0.00000000
CMRotationMatrix(m11: 0.0, m12: 0.0, m13: 0.0, m21: 0.0, m22: 0.0, m23: 0.0, m31: 0.0, m32: 0.0, m33: 0.0)

15
8450.966007791
normal
simd_float4x4([[-0.007045776, -0.99773437, 0.06690732, 0.0], [0.9998539, -0.005987014, 0.016011653, 0.0], [-0.015574802, 0.06701034, 0.9976307, 0.0], [0.026116645, 0.0002610311, 0.008654679, 1.0]])
0.026116645, 0.0002610311, 0.008654679
SIMD3<Float>(-0.0670606, -0.015610523, -1.5767969)
0.00000000
CMRotationMatrix(m11: 0.0, m12: 0.0, m13: 0.0, m21: 0.0, m22: 0.0, m23: 0.0, m31: 0.0, m32: 0.0, m33: 0.0)

16
8451.182648625
normal
simd_float4x4([[-0.006234439, -0.99803483, 0.062350802, 0.0], [0.9999273, -0.0055779675, 0.010697207, 0.0], [-0.010328395, 0.062412955, 0.99799705, 0.0], [0.03910105, 5.1012932e-05, 0.011453842, 0.99999994]])
0.03910105, 5.1012932e-05, 0.011453842
SIMD3<Float>(-0.062453546, -0.010348755, -1.5763853)
0.00000000
CMRotationMatrix(m11: 0.0, m12: 0.0, m13: 0.0, m21: 0.0, m22: 0.0, m23: 0.0, m31: 0.0, m32: 0.0, m33: 0.0)

17
8451.399289583
normal
simd_float4x4([[-0.0069367564, -0.9983142, 0.05762376, 0.0], [0.99996775, -0.0066920444, 0.0044386075, 0.0], [-0.0040455037, 0.05765269, 0.9983285, 0.0], [0.056027796, -0.0006484587, 0.013889239, 0.99999994]])
0.056027796, -0.0006484587, 0.013889239
SIMD3<Float>(-0.057684675, -0.004052255, -1.5774996)
0.00000000
CMRotationMatrix(m11: 0.0, m12: 0.0, m13: 0.0, m21: 0.0, m22: 0.0, m23: 0.0, m31: 0.0, m32: 0.0, m33: 0.0)

18
8451.615930375
normal
simd_float4x4([[-0.0092704985, -0.99845934, 0.054707628, 0.0], [0.99993366, -0.009630466, -0.0063198693, 0.0], [0.0068369927, 0.054645408, 0.99848247, 0.0], [0.06695969, -0.00049918634, 0.015934318, 0.99999994]])
0.06695969, -0.00049918634, 0.015934318
SIMD3<Float>(-0.05467264, 0.006847277, -1.5804414)
0.00000000
CMRotationMatrix(m11: 0.0, m12: 0.0, m13: 0.0, m21: 0.0, m22: 0.0, m23: 0.0, m31: 0.0, m32: 0.0, m33: 0.0)

19
8451.832571083
normal
simd_float4x4([[-0.010393713, -0.9985787, 0.052272312, 0.0], [0.9998533, -0.011090143, -0.01305076, 0.0], [0.013611919, 0.052128993, 0.99854755, 0.0], [0.06459046, -0.00063810125, 0.01448512, 1.0]])
0.06459046, -0.00063810125, 0.01448512
SIMD3<Float>(-0.05215263, 0.013630874, -1.5819018)
0.00000000
CMRotationMatrix(m11: 0.0, m12: 0.0, m13: 0.0, m21: 0.0, m22: 0.0, m23: 0.0, m31: 0.0, m32: 0.0, m33: 0.0)

20
8452.049212
normal
simd_float4x4([[-0.0109119695, -0.9984204, 0.05511307, 0.0], [0.99992526, -0.011198089, -0.0048853746, 0.0], [0.0054948195, 0.055055644, 0.99846804, 0.0], [0.010234215, -0.0030257017, 0.017923754, 0.9999999]])
0.010234215, -0.0030257017, 0.017923754
SIMD3<Float>(-0.055083495, 0.005503195, -1.5820117)
0.00000000
CMRotationMatrix(m11: 0.0, m12: 0.0, m13: 0.0, m21: 0.0, m22: 0.0, m23: 0.0, m31: 0.0, m32: 0.0, m33: 0.0)

21
8452.265852833
normal
simd_float4x4([[-0.013545991, -0.998253, 0.057510085, 0.0], [0.99976146, -0.014507295, -0.016330916, 0.0], [0.017136702, 0.057275143, 0.99821144, 0.0], [0.012091957, -0.0031475425, 0.015682958, 1.0]])
0.012091957, -0.0031475425, 0.015682958
SIMD3<Float>(-0.057306502, 0.01716572, -1.585328)
0.00000000
CMRotationMatrix(m11: 0.0, m12: 0.0, m13: 0.0, m21: 0.0, m22: 0.0, m23: 0.0, m31: 0.0, m32: 0.0, m33: 0.0)

22
8452.48249375
normal
simd_float4x4([[-0.015345797, -0.9982395, 0.0572919, 0.0], [0.9994892, -0.016921105, -0.027113017, 0.0], [0.028034726, 0.05684656, 0.9979893, 0.0], [0.013612518, -0.003014017, 0.016129177, 1.0]])
0.013612518, -0.003014017, 0.016129177
SIMD3<Float>(-0.056877222, 0.028083824, -1.5877457)
0.00000000
CMRotationMatrix(m11: 0.0, m12: 0.0, m13: 0.0, m21: 0.0, m22: 0.0, m23: 0.0, m31: 0.0, m32: 0.0, m33: 0.0)

23
8452.699134791
normal
simd_float4x4([[-0.013714301, -0.998333, 0.056063157, 0.0], [0.9993357, -0.015578338, -0.032948185, 0.0], [0.03376663, 0.055574045, 0.99788344, 0.0], [0.0121018775, -0.0027384323, 0.017176239, 0.99999994]])
0.0121018775, -0.0027384323, 0.017176239
SIMD3<Float>(-0.055602692, 0.033825345, -1.5863994)
0.00000000
CMRotationMatrix(m11: 0.0, m12: 0.0, m13: 0.0, m21: 0.0, m22: 0.0, m23: 0.0, m31: 0.0, m32: 0.0, m33: 0.0)

24
8452.915775583
normal
simd_float4x4([[-0.008695214, -0.9981386, 0.060364068, 0.0], [0.9996697, -0.010136888, -0.023618, 0.0], [0.02418594, 0.060138762, 0.99789697, 0.0], [0.010707341, -0.003258956, 0.014805772, 0.99999994]])
0.010707341, -0.003258956, 0.014805772
SIMD3<Float>(-0.060175072, 0.024232168, -1.5809518)
0.00000000
CMRotationMatrix(m11: 0.0, m12: 0.0, m13: 0.0, m21: 0.0, m22: 0.0, m23: 0.0, m31: 0.0, m32: 0.0, m33: 0.0)

25
8453.132416583
normal
simd_float4x4([[-0.0044776704, -0.99793464, 0.06408111, 0.0], [0.9997889, -0.0057526277, -0.019725334, 0.0], [0.020053228, 0.06397925, 0.99774975, 0.0], [0.0051503666, -0.0032635566, 0.012502353, 0.99999994]])
0.0051503666, -0.0032635566, 0.012502353
SIMD3<Float>(-0.06402298, 0.020095749, -1.5765609)
0.00000000
CMRotationMatrix(m11: 0.0, m12: 0.0, m13: 0.0, m21: 0.0, m22: 0.0, m23: 0.0, m31: 0.0, m32: 0.0, m33: 0.0)

26
8453.349057666
normal
simd_float4x4([[-0.0016712059, -0.99794346, 0.064078204, 0.0], [0.99997884, -0.0020707524, -0.0061693965, 0.0], [0.0062893988, 0.06406653, 0.9979258, 0.0], [-0.008019852, -0.0012452677, 0.012807376, 1.0]])
-0.008019852, -0.0012452677, 0.012807376
SIMD3<Float>(-0.064110436, 0.006302388, -1.5728713)
0.00000000
CMRotationMatrix(m11: 0.0, m12: 0.0, m13: 0.0, m21: 0.0, m22: 0.0, m23: 0.0, m31: 0.0, m32: 0.0, m33: 0.0)

27
8453.565698583
normal
simd_float4x4([[-0.0032192918, -0.9978559, 0.06536957, 0.0], [0.999948, -0.0025799642, 0.00986226, 0.0], [-0.009672464, 0.06539791, 0.9978124, 0.0], [-0.024813835, 0.0005894676, 0.012431049, 1.0]])
-0.024813835, 0.0005894676, 0.012431049
SIMD3<Float>(-0.06544462, -0.0096933665, -1.5733818)
0.00000000
CMRotationMatrix(m11: 0.0, m12: 0.0, m13: 0.0, m21: 0.0, m22: 0.0, m23: 0.0, m31: 0.0, m32: 0.0, m33: 0.0)

28
8453.782339375
normal
simd_float4x4([[0.00045677662, -0.9976935, 0.067878745, 0.0], [0.9997766, 0.0018901256, 0.02105359, 0.0], [-0.02113333, 0.067853965, 0.9974714, 0.0], [-0.039287645, 0.00017456218, 0.012106909, 0.99999994]])
-0.039287645, 0.00017456218, 0.012106909
SIMD3<Float>(-0.06790614, -0.021183733, -1.5689018)
0.00000000
CMRotationMatrix(m11: 0.0, m12: 0.0, m13: 0.0, m21: 0.0, m22: 0.0, m23: 0.0, m31: 0.0, m32: 0.0, m33: 0.0)

29
8453.998980375
normal
simd_float4x4([[0.0042644283, -0.9976244, 0.06875618, 0.0], [0.99937886, 0.006657086, 0.034607682, 0.0], [-0.034983184, 0.06856589, 0.9970331, 0.0], [-0.053937312, 0.0021086037, 0.013070361, 1.0]])
-0.053937312, 0.0021086037, 0.013070361
SIMD3<Float>(-0.06861973, -0.035072897, -1.5641235)
0.00000000
CMRotationMatrix(m11: 0.0, m12: 0.0, m13: 0.0, m21: 0.0, m22: 0.0, m23: 0.0, m31: 0.0, m32: 0.0, m33: 0.0)

30
8454.215621291
normal
simd_float4x4([[0.0064309696, -0.99769247, 0.06758905, 0.0], [0.9986831, 0.009848331, 0.05034996, 0.0], [-0.050899412, 0.067176245, 0.99644196, 0.0], [-0.07303742, 0.004112451, 0.015114955, 0.99999994]])
-0.07303742, 0.004112451, 0.015114955
SIMD3<Float>(-0.06722687, -0.0510368, -1.5609255)
0.00000000
CMRotationMatrix(m11: 0.0, m12: 0.0, m13: 0.0, m21: 0.0, m22: 0.0, m23: 0.0, m31: 0.0, m32: 0.0, m33: 0.0)

31
8454.432262291
normal
simd_float4x4([[0.012227621, -0.99742496, 0.07066804, 0.0], [0.99778646, 0.016790977, 0.06434573, 0.0], [-0.06536662, 0.06972482, 0.9954224, 0.0], [-0.091800354, 0.0054015093, 0.01668636, 1.0000001]])
-0.091800354, 0.0054015093, 0.01668636
SIMD3<Float>(-0.06978144, -0.06557307, -1.5539635)
0.00000000
CMRotationMatrix(m11: 0.0, m12: 0.0, m13: 0.0, m21: 0.0, m22: 0.0, m23: 0.0, m31: 0.0, m32: 0.0, m33: 0.0)

32
8454.648903333
normal
simd_float4x4([[0.017982796, -0.9972885, 0.07135992, 0.0], [0.9974959, 0.022777481, 0.066955715, 0.0], [-0.068399556, 0.06997717, 0.99520093, 0.0], [-0.104767404, 0.0054649026, 0.018043965, 1.0000001]])
-0.104767404, 0.0054649026, 0.018043965
SIMD3<Float>(-0.07003441, -0.06862148, -1.5479609)
0.00000000
CMRotationMatrix(m11: 0.0, m12: 0.0, m13: 0.0, m21: 0.0, m22: 0.0, m23: 0.0, m31: 0.0, m32: 0.0, m33: 0.0)

33
8454.865544375
normal
simd_float4x4([[0.01855634, -0.99739105, 0.069763, 0.0], [0.9973196, 0.023403969, 0.069324836, 0.0], [-0.07077669, 0.068289585, 0.9951519, 0.0], [-0.112607524, 0.0070373006, 0.019741334, 1.0]])
-0.112607524, 0.0070373006, 0.019741334
SIMD3<Float>(-0.068342775, -0.07100195, -1.5473354)
0.00000000
CMRotationMatrix(m11: 0.0, m12: 0.0, m13: 0.0, m21: 0.0, m22: 0.0, m23: 0.0, m31: 0.0, m32: 0.0, m33: 0.0)

34
8455.082185375
normal
simd_float4x4([[0.017033832, -0.9970787, 0.074457414, 0.0], [0.9970289, 0.02253352, 0.07365918, 0.0], [-0.07512179, 0.0729815, 0.99450016, 0.0], [-0.11612841, 0.005243475, 0.016509984, 1.0000001]])
-0.11612841, 0.005243475, 0.016509984
SIMD3<Float>(-0.07304644, -0.07539406, -1.5482006)
0.00000000
CMRotationMatrix(m11: 0.0, m12: 0.0, m13: 0.0, m21: 0.0, m22: 0.0, m23: 0.0, m31: 0.0, m32: 0.0, m33: 0.0)

35
8455.2988265
normal
simd_float4x4([[0.01859066, -0.9968191, 0.07749954, 0.0], [0.9965292, 0.024764229, 0.079475544, 0.0], [-0.08114197, 0.07575304, 0.9938196, 0.0], [-0.10807654, 0.0049321167, 0.01323853, 1.0]])
-0.10807654, 0.0049321167, 0.01323853
SIMD3<Float>(-0.075825684, -0.08146588, -1.5459582)
0.00000000
CMRotationMatrix(m11: 0.0, m12: 0.0, m13: 0.0, m21: 0.0, m22: 0.0, m23: 0.0, m31: 0.0, m32: 0.0, m33: 0.0)

36
8455.515467458
normal
simd_float4x4([[0.013273478, -0.9973423, 0.071638726, 0.0], [0.99702764, 0.018639045, 0.07475689, 0.0], [-0.07589348, 0.0704335, 0.9946253, 0.0], [-0.10180492, 0.0040796497, 0.01148399, 1.0000001]])
-0.10180492, 0.0040796497, 0.01148399
SIMD3<Float>(-0.070491865, -0.07615602, -1.5521098)
0.00000000
CMRotationMatrix(m11: 0.0, m12: 0.0, m13: 0.0, m21: 0.0, m22: 0.0, m23: 0.0, m31: 0.0, m32: 0.0, m33: 0.0)

37
8455.732108416
normal
simd_float4x4([[0.012876592, -0.99747735, 0.06980764, 0.0], [0.9973834, 0.01777944, 0.07007386, 0.0], [-0.071138225, 0.068722665, 0.9950963, 0.0], [-0.09353998, 0.005890049, 0.009343625, 1.0]])
-0.09353998, 0.005890049, 0.009343625
SIMD3<Float>(-0.068776876, -0.07136737, -1.5529739)
0.00000000
CMRotationMatrix(m11: 0.0, m12: 0.0, m13: 0.0, m21: 0.0, m22: 0.0, m23: 0.0, m31: 0.0, m32: 0.0, m33: 0.0)

38
8455.9487495
normal
simd_float4x4([[0.013893034, -0.9971866, 0.07366019, 0.0], [0.9976382, 0.018779766, 0.06606974, 0.0], [-0.06726719, 0.07256831, 0.99509245, 0.0], [-0.08323146, 0.0067202747, 0.007395883, 1.0]])
-0.08323146, 0.0067202747, 0.007395883
SIMD3<Float>(-0.07263216, -0.06749625, -1.5519658)
0.00000000
CMRotationMatrix(m11: 0.0, m12: 0.0, m13: 0.0, m21: 0.0, m22: 0.0, m23: 0.0, m31: 0.0, m32: 0.0, m33: 0.0)

39
8456.165390625
normal
simd_float4x4([[0.0128425155, -0.99685663, 0.07817879, 0.0], [0.99798524, 0.017636787, 0.060946282, 0.0], [-0.062133525, 0.07723859, 0.9950747, 0.0], [-0.06645514, 0.0073844665, 0.005253212, 0.99999994]])
-0.06645514, 0.0073844665, 0.005253212
SIMD3<Float>(-0.07731559, -0.062360104, -1.5531058)
0.00000000
CMRotationMatrix(m11: 0.0, m12: 0.0, m13: 0.0, m21: 0.0, m22: 0.0, m23: 0.0, m31: 0.0, m32: 0.0, m33: 0.0)

40
8456.382031666
normal
simd_float4x4([[0.013343578, -0.9966766, 0.08035996, 0.0], [0.99822766, 0.017939482, 0.056743864, 0.0], [-0.057996903, 0.07946037, 0.9951495, 0.0], [-0.04371051, 0.009382941, 0.005240392, 1.0]])
-0.04371051, 0.009382941, 0.005240392
SIMD3<Float>(-0.079544224, -0.05821374, -1.552799)
0.00000000
CMRotationMatrix(m11: 0.0, m12: 0.0, m13: 0.0, m21: 0.0, m22: 0.0, m23: 0.0, m31: 0.0, m32: 0.0, m33: 0.0)

41
8456.598672916
normal
simd_float4x4([[0.012236868, -0.99677604, 0.07929575, 0.0], [0.9982774, 0.016728995, 0.05623594, 0.0], [-0.05738119, 0.07847099, 0.99526364, 0.0], [-0.01692086, 0.011024147, 0.006484855, 1.0]])
-0.01692086, 0.011024147, 0.006484855
SIMD3<Float>(-0.07855175, -0.057590507, -1.5540148)
0.00000000
CMRotationMatrix(m11: 0.0, m12: 0.0, m13: 0.0, m21: 0.0, m22: 0.0, m23: 0.0, m31: 0.0, m32: 0.0, m33: 0.0)

42
8456.815313958
normal
simd_float4x4([[0.010762527, -0.9966411, 0.0811825, 0.0], [0.99864084, 0.014853502, 0.049957965, 0.0], [-0.050996006, 0.08053448, 0.9954465, 0.0], [0.0030559408, 0.011846054, 0.010156016, 1.0]])
0.0030559408, 0.011846054, 0.010156016
SIMD3<Float>(-0.080621794, -0.05118453, -1.5558939)
0.00000000
CMRotationMatrix(m11: 0.0, m12: 0.0, m13: 0.0, m21: 0.0, m22: 0.0, m23: 0.0, m31: 0.0, m32: 0.0, m33: 0.0)

43
8457.031955083
normal
simd_float4x4([[0.008612041, -0.9963567, 0.084847614, 0.0], [0.99911654, 0.012064058, 0.040256564, 0.0], [-0.041133504, 0.08442597, 0.99558043, 0.0], [0.024419298, 0.011917736, 0.010482122, 1.0]])
0.024419298, 0.011917736, 0.010482122
SIMD3<Float>(-0.08452659, -0.04129262, -1.5586888)
0.00000000
CMRotationMatrix(m11: 0.0, m12: 0.0, m13: 0.0, m21: 0.0, m22: 0.0, m23: 0.0, m31: 0.0, m32: 0.0, m33: 0.0)

44
8457.248596208
normal
simd_float4x4([[0.003826553, -0.99648994, 0.08362406, 0.0], [0.99938637, 0.006722405, 0.03437533, 0.0], [-0.034816828, 0.0834412, 0.99590427, 0.0], [0.04373032, 0.012068831, 0.011907138, 0.9999999]])
0.04373032, 0.012068831, 0.011907138
SIMD3<Float>(-0.08353833, -0.034945782, -1.5640503)
0.00000000
CMRotationMatrix(m11: 0.0, m12: 0.0, m13: 0.0, m21: 0.0, m22: 0.0, m23: 0.0, m31: 0.0, m32: 0.0, m33: 0.0)

45
8457.46523725
normal
simd_float4x4([[-0.0032621399, -0.99683225, 0.079465, 0.0], [0.99954706, -0.0008729817, 0.030081738, 0.0], [-0.02991708, 0.07952714, 0.99638367, 0.0], [0.059871964, 0.012546554, 0.013037407, 1.0]])
0.059871964, 0.012546554, 0.013037407
SIMD3<Float>(-0.079611205, -0.030016644, -1.5716721)
0.00000000
CMRotationMatrix(m11: 0.0, m12: 0.0, m13: 0.0, m21: 0.0, m22: 0.0, m23: 0.0, m31: 0.0, m32: 0.0, m33: 0.0)

46
8457.6818785
normal
simd_float4x4([[-0.0057600886, -0.9967817, 0.07995644, 0.0], [0.99956346, -0.0034221546, 0.029346392, 0.0], [-0.028978324, 0.08009057, 0.99636626, 0.0], [0.061691843, 0.009829503, 0.009028976, 1.0]])
0.061691843, 0.009829503, 0.009028976
SIMD3<Float>(-0.080176435, -0.02907581, -1.5742295)
0.00000000
CMRotationMatrix(m11: 0.0, m12: 0.0, m13: 0.0, m21: 0.0, m22: 0.0, m23: 0.0, m31: 0.0, m32: 0.0, m33: 0.0)

47
8457.89851975
normal
simd_float4x4([[-0.0041585104, -0.9968826, 0.078788795, 0.0], [0.9995751, -0.0018706644, 0.029089287, 0.0], [-0.028851222, 0.07887628, 0.9964669, 0.0], [0.0650832, 0.009774054, 0.014347981, 0.99999994]])
0.0650832, 0.009774054, 0.014347981
SIMD3<Float>(-0.078958295, -0.028945433, -1.5726728)
0.00000000
CMRotationMatrix(m11: 0.0, m12: 0.0, m13: 0.0, m21: 0.0, m22: 0.0, m23: 0.0, m31: 0.0, m32: 0.0, m33: 0.0)

48
8458.115160916
normal
simd_float4x4([[-0.0031904601, -0.9961848, 0.08720996, 0.0], [0.9996225, -0.0007972752, 0.027462715, 0.0], [-0.027288407, 0.08726466, 0.9958113, 0.0], [0.06525202, 0.009215328, 0.01580582, 0.99999994]])
0.06525202, 0.009215328, 0.01580582
SIMD3<Float>(-0.08737579, -0.027396334, -1.5715966)
0.00000000
CMRotationMatrix(m11: 0.0, m12: 0.0, m13: 0.0, m21: 0.0, m22: 0.0, m23: 0.0, m31: 0.0, m32: 0.0, m33: 0.0)

49
8458.331802125
normal
simd_float4x4([[-0.010960357, -0.99613184, 0.08718477, 0.0], [0.99966705, -0.008878788, 0.024227433, 0.0], [-0.023359621, 0.087421276, 0.9958975, 0.0], [0.06787163, 0.008338165, 0.017702851, 1.0]])
0.06787163, 0.008338165, 0.017702851
SIMD3<Float>(-0.08753301, -0.02345155, -1.5797094)
0.00000000
CMRotationMatrix(m11: 0.0, m12: 0.0, m13: 0.0, m21: 0.0, m22: 0.0, m23: 0.0, m31: 0.0, m32: 0.0, m33: 0.0)

50
8458.548443375
normal
simd_float4x4([[-0.017204558, -0.99606663, 0.08692016, 0.0], [0.9995269, -0.014917762, 0.026890596, 0.0], [-0.025488172, 0.08734169, 0.9958522, 0.0], [0.07388163, 0.007884253, 0.019554941, 0.9999998]])
0.07388163, 0.007884253, 0.019554941
SIMD3<Float>(-0.08745312, -0.025588745, -1.5857719)
0.00000000
CMRotationMatrix(m11: 0.0, m12: 0.0, m13: 0.0, m21: 0.0, m22: 0.0, m23: 0.0, m31: 0.0, m32: 0.0, m33: 0.0)

51
8458.765084583
normal
simd_float4x4([[-0.017579073, -0.9957037, 0.090912096, 0.0], [0.99948865, -0.015071305, 0.028197894, 0.0], [-0.026706586, 0.09136131, 0.99545956, 0.0], [0.07873613, 0.006121516, 0.021145664, 1.0]])
0.07873613, 0.006121516, 0.021145664
SIMD3<Float>(-0.09148888, -0.026821965, -1.5859315)
0.00000000
CMRotationMatrix(m11: 0.0, m12: 0.0, m13: 0.0, m21: 0.0, m22: 0.0, m23: 0.0, m31: 0.0, m32: 0.0, m33: 0.0)

52
8458.981725833
normal
simd_float4x4([[-0.016074633, -0.9957465, 0.090722255, 0.0], [0.99962014, -0.01397278, 0.023755807, 0.0], [-0.022387119, 0.09106965, 0.99559283, 0.0], [0.08978189, 0.0042866976, 0.025407389, 0.99999994]])
0.08978189, 0.0042866976, 0.025407389
SIMD3<Float>(-0.09119601, -0.02248243, -1.5848279)
0.00000000
CMRotationMatrix(m11: 0.0, m12: 0.0, m13: 0.0, m21: 0.0, m22: 0.0, m23: 0.0, m31: 0.0, m32: 0.0, m33: 0.0)

53
8459.198366791
normal
simd_float4x4([[-0.022318853, -0.9959657, 0.08691459, 0.0], [0.9994372, -0.020049505, 0.026896153, 0.0], [-0.025045048, 0.08746596, 0.9958527, 0.0], [0.09541306, 0.005168777, 0.027123302, 1.0]])
0.09541306, 0.005168777, 0.027123302
SIMD3<Float>(-0.087577865, -0.02514405, -1.5909244)
0.00000000
CMRotationMatrix(m11: 0.0, m12: 0.0, m13: 0.0, m21: 0.0, m22: 0.0, m23: 0.0, m31: 0.0, m32: 0.0, m33: 0.0)

54
8459.415008041
normal
simd_float4x4([[-0.021874234, -0.9960668, 0.08586177, 0.0], [0.9993092, -0.019202651, 0.031818528, 0.0], [-0.030044608, 0.08649846, 0.99579877, 0.0], [0.0971497, 0.005268179, 0.027598683, 1.0]])
0.0971497, 0.005268179, 0.027598683
SIMD3<Float>(-0.08660669, -0.030162215, -1.5900724)
0.00000000
CMRotationMatrix(m11: 0.0, m12: 0.0, m13: 0.0, m21: 0.0, m22: 0.0, m23: 0.0, m31: 0.0, m32: 0.0, m33: 0.0)
