ARKit Data

1
8636.861807791
normal
simd_float4x4([[-0.007933719, -0.9993636, -0.034775138, 0.0], [0.99994016, -0.008190893, 0.0072591, 0.0], [-0.0075393207, -0.034715455, 0.99936885, 0.0], [0.0002872811, -0.0012010025, -0.0017178574, 0.9999999]])
0.0002872811, -0.0012010025, -0.0017178574
SIMD3<Float>(0.034722432, -0.007543939, -1.5789922)
0.00000000
CMRotationMatrix(m11: 0.0, m12: 0.0, m13: 0.0, m21: 0.0, m22: 0.0, m23: 0.0, m31: 0.0, m32: 0.0, m33: 0.0)

2
8637.078449
normal
simd_float4x4([[-0.0072363885, -0.99939144, -0.034122877, 0.0], [0.9998816, -0.007694783, 0.01332153, 0.0], [-0.013575991, -0.034022436, 0.99932885, 0.0], [0.0004657819, -0.0006279722, -0.0023995107, 1.0]])
0.0004657819, -0.0006279722, -0.0023995107
SIMD3<Float>(0.034029003, -0.013584273, -1.5784956)
0.00000000
CMRotationMatrix(m11: 0.0, m12: 0.0, m13: 0.0, m21: 0.0, m22: 0.0, m23: 0.0, m31: 0.0, m32: 0.0, m33: 0.0)

3
8637.295090083
normal
simd_float4x4([[-0.006725322, -0.99943143, -0.033039626, 0.0], [0.9998458, -0.0072569344, 0.015996696, 0.0], [-0.016227366, -0.032926943, 0.9993261, 0.0], [0.0011239378, 0.00012283027, -0.0032420019, 1.0]])
0.0011239378, 0.00012283027, -0.0032420019
SIMD3<Float>(0.032932896, -0.016236883, -1.5780573)
0.00000000
CMRotationMatrix(m11: 0.0, m12: 0.0, m13: 0.0, m21: 0.0, m22: 0.0, m23: 0.0, m31: 0.0, m32: 0.0, m33: 0.0)

4
8637.511731208
normal
simd_float4x4([[-0.0066617704, -0.9994426, -0.032713152, 0.0], [0.9998272, -0.0072250124, 0.017129708, 0.0], [-0.017356513, -0.03259338, 0.99931806, 0.0], [0.00088299625, 0.00019581616, -0.003835735, 1.0]])
0.00088299625, 0.00019581616, -0.003835735
SIMD3<Float>(0.032599155, -0.01736661, -1.5780252)
0.00000000
CMRotationMatrix(m11: 0.0, m12: 0.0, m13: 0.0, m21: 0.0, m22: 0.0, m23: 0.0, m31: 0.0, m32: 0.0, m33: 0.0)

5
8637.728372375
normal
simd_float4x4([[-0.004644108, -0.9995334, -0.03019079, 0.0], [0.99982065, -0.0051955795, 0.018213503, 0.0], [-0.01836186, -0.030100789, 0.99937826, 0.0], [0.0001558189, 0.00010298809, -0.0050783404, 1.0000001]])
0.0001558189, 0.00010298809, -0.0050783404
SIMD3<Float>(0.030105336, -0.018371217, -1.5759943)
0.00000000
CMRotationMatrix(m11: 0.0, m12: 0.0, m13: 0.0, m21: 0.0, m22: 0.0, m23: 0.0, m31: 0.0, m32: 0.0, m33: 0.0)

6
8637.945013625
normal
simd_float4x4([[-0.0032288043, -0.9995399, -0.030158048, 0.0], [0.99982107, -0.0037889304, 0.018534377, 0.0], [-0.018640118, -0.030092804, 0.9993734, 0.0], [-0.00026647246, 0.0004405665, -0.0042766714, 0.99999994]])
-0.00026647246, 0.0004405665, -0.0042766714
SIMD3<Float>(0.030097347, -0.018649643, -1.574587)
0.00000000
CMRotationMatrix(m11: 0.0, m12: 0.0, m13: 0.0, m21: 0.0, m22: 0.0, m23: 0.0, m31: 0.0, m32: 0.0, m33: 0.0)

7
8638.161654833
normal
simd_float4x4([[-0.0010991647, -0.99961156, -0.027848613, 0.0], [0.9997814, -0.0016799882, 0.020841666, 0.0], [-0.020880356, -0.027819615, 0.99939495, 0.0], [-0.0006260178, 0.00017583743, -0.0040883925, 1.0]])
-0.0006260178, 0.00017583743, -0.0040883925
SIMD3<Float>(0.027823204, -0.020889958, -1.572477)
0.00000000
CMRotationMatrix(m11: 0.0, m12: 0.0, m13: 0.0, m21: 0.0, m22: 0.0, m23: 0.0, m31: 0.0, m32: 0.0, m33: 0.0)

8
8638.378295958
normal
simd_float4x4([[0.0006142905, -0.9996657, -0.025848819, 0.0], [0.999682, -3.77877e-05, 0.02521857, 0.0], [-0.025211114, -0.025856087, 0.99934775, 0.0], [-0.0005313563, 0.00013384596, -0.0035938136, 1.0]])
-0.0005313563, 0.00013384596, -0.0035938136
SIMD3<Float>(0.025858968, -0.02522222, -1.5708342)
0.00000000
CMRotationMatrix(m11: 0.0, m12: 0.0, m13: 0.0, m21: 0.0, m22: 0.0, m23: 0.0, m31: 0.0, m32: 0.0, m33: 0.0)

9
8638.59493725
normal
simd_float4x4([[0.0025858958, -0.9997382, -0.02273081, 0.0], [0.99961334, 0.0019550184, 0.027732817, 0.0], [-0.027681122, -0.022793738, 0.9993568, 0.0], [7.452192e-06, -0.00015820062, -0.0030283653, 0.9999999]])
7.452192e-06, -0.00015820062, -0.0030283653
SIMD3<Float>(0.022795713, -0.027691856, -1.5688407)
0.00000000
CMRotationMatrix(m11: 0.0, m12: 0.0, m13: 0.0, m21: 0.0, m22: 0.0, m23: 0.0, m31: 0.0, m32: 0.0, m33: 0.0)

10
8638.811578583
normal
simd_float4x4([[0.0027701776, -0.9997193, -0.023528231, 0.0], [0.9994398, 0.001983121, 0.033409286, 0.0], [-0.033353247, -0.023607599, 0.9991648, 0.0], [0.00050690526, -3.0418214e-05, -0.0019914864, 0.99999994]])
0.00050690526, -3.0418214e-05, -0.0019914864
SIMD3<Float>(0.023609793, -0.033368737, -1.5688126)
0.00000000
CMRotationMatrix(m11: 0.0, m12: 0.0, m13: 0.0, m21: 0.0, m22: 0.0, m23: 0.0, m31: 0.0, m32: 0.0, m33: 0.0)

11
8639.028219708
normal
simd_float4x4([[0.0052754604, -0.9997974, -0.019423, 0.0], [0.99882144, 0.0043311375, 0.048343796, 0.0], [-0.04824988, -0.01965514, 0.9986419, 0.0], [0.0011225304, -0.0004055773, -0.001330944, 0.99999994]])
0.0011225304, -0.0004055773, -0.001330944
SIMD3<Float>(0.019656407, -0.048277956, -1.5664643)
0.00000000
CMRotationMatrix(m11: 0.0, m12: 0.0, m13: 0.0, m21: 0.0, m22: 0.0, m23: 0.0, m31: 0.0, m32: 0.0, m33: 0.0)

12
8639.244860833
normal
simd_float4x4([[0.006517901, -0.99984694, -0.016235659, 0.0], [0.99825907, 0.005554032, 0.058720786, 0.0], [-0.058621623, -0.016590128, 0.9981425, 0.0], [0.0011705402, -2.2508204e-05, -0.00078300666, 1.0]])
0.0011705402, -2.2508204e-05, -0.00078300666
SIMD3<Float>(0.01659089, -0.05866333, -1.5652415)
0.00000000
CMRotationMatrix(m11: 0.0, m12: 0.0, m13: 0.0, m21: 0.0, m22: 0.0, m23: 0.0, m31: 0.0, m32: 0.0, m33: 0.0)

13
8639.46150225
normal
simd_float4x4([[0.007975162, -0.99987435, -0.013699912, 0.0], [0.9977746, 0.0070499247, 0.066305056, 0.0], [-0.06620014, -0.014198216, 0.99770534, 0.0], [0.0005126628, 0.00014634058, -0.001659858, 1.0]])
0.0005126628, 0.00014634058, -0.001659858
SIMD3<Float>(0.0141986925, -0.06625527, -1.5637456)
0.00000000
CMRotationMatrix(m11: 0.0, m12: 0.0, m13: 0.0, m21: 0.0, m22: 0.0, m23: 0.0, m31: 0.0, m32: 0.0, m33: 0.0)

14
8639.678143375
normal
simd_float4x4([[0.007850971, -0.9999472, -0.0066346135, 0.0], [0.99734366, 0.007349702, 0.072468534, 0.0], [-0.072415955, -0.0071859374, 0.99734867, 0.0], [6.842732e-05, 0.00022432825, -0.0014319463, 1.0000001]])
6.842732e-05, 0.00022432825, -0.0014319463
SIMD3<Float>(0.0071859993, -0.07248127, -1.5634464)
0.00000000
CMRotationMatrix(m11: 0.0, m12: 0.0, m13: 0.0, m21: 0.0, m22: 0.0, m23: 0.0, m31: 0.0, m32: 0.0, m33: 0.0)

15
8639.894784875
normal
simd_float4x4([[0.011857088, -0.99992955, 0.0005082468, 0.0], [0.9964797, 0.011858362, 0.08299211, 0.0], [-0.08299229, -0.00047758708, 0.99655, 0.0], [0.00083580613, 0.00036028028, -0.0021313848, 1.0]])
0.00083580613, 0.00036028028, -0.0021313848
SIMD3<Float>(0.0004775871, -0.08308788, -1.5589377)
0.00000000
CMRotationMatrix(m11: 0.0, m12: 0.0, m13: 0.0, m21: 0.0, m22: 0.0, m23: 0.0, m31: 0.0, m32: 0.0, m33: 0.0)

16
8640.111426125
normal
simd_float4x4([[0.016116299, -0.99986845, 0.0018032184, 0.0], [0.99504066, 0.01621547, 0.09813877, 0.0], [-0.09815512, 0.00021264172, 0.9951712, 0.0], [0.0014353981, 0.0004537925, -0.002225603, 1.0]])
0.0014353981, 0.0004537925, -0.002225603
SIMD3<Float>(-0.00021264172, -0.09831341, -1.5545801)
0.00000000
CMRotationMatrix(m11: 0.0, m12: 0.0, m13: 0.0, m21: 0.0, m22: 0.0, m23: 0.0, m31: 0.0, m32: 0.0, m33: 0.0)

17
8640.328067416
normal
simd_float4x4([[0.014821925, -0.9998721, 0.0060135135, 0.0], [0.99381405, 0.0153936045, 0.10998571, 0.0], [-0.1100642, 0.004346114, 0.9939151, 0.0], [0.0018118985, 0.0003476279, -0.0019139327, 1.0000001]])
0.0018118985, 0.0003476279, -0.0019139327
SIMD3<Float>(-0.0043461276, -0.11028868, -1.5554019)
0.00000000
CMRotationMatrix(m11: 0.0, m12: 0.0, m13: 0.0, m21: 0.0, m22: 0.0, m23: 0.0, m31: 0.0, m32: 0.0, m33: 0.0)

18
8640.544708875
normal
simd_float4x4([[0.012931725, -0.9998843, 0.008011836, 0.0], [0.9920671, 0.013831791, 0.12494674, 0.0], [-0.1250431, 0.0063325013, 0.9921312, 0.0], [0.0016388607, 0.00062591454, -0.000822567, 1.0000001]])
0.0016388607, 0.00062591454, -0.000822567
SIMD3<Float>(-0.0063325437, -0.12537378, -1.5569638)
0.00000000
CMRotationMatrix(m11: 0.0, m12: 0.0, m13: 0.0, m21: 0.0, m22: 0.0, m23: 0.0, m31: 0.0, m32: 0.0, m33: 0.0)

19
8640.761350083
normal
simd_float4x4([[0.0103039825, -0.99989015, 0.010650362, 0.0], [0.99014175, 0.011690273, 0.13958088, 0.0], [-0.13969004, 0.009107129, 0.99015343, 0.0], [0.0011168373, 0.0008049707, 0.0008631114, 0.99999994]])
0.0011168373, 0.0008049707, 0.0008631114
SIMD3<Float>(-0.009107254, -0.14015423, -1.5591053)
0.00000000
CMRotationMatrix(m11: 0.0, m12: 0.0, m13: 0.0, m21: 0.0, m22: 0.0, m23: 0.0, m31: 0.0, m32: 0.0, m33: 0.0)

20
8640.977991291
normal
simd_float4x4([[0.0057446654, -0.99986774, 0.015215899, 0.0], [0.98893106, 0.007936573, 0.14816383, 0.0], [-0.14826499, 0.014196322, 0.9888458, 0.0], [0.0009976788, 0.0013408139, 0.0031553973, 1.0]])
0.0009976788, 0.0013408139, 0.0031553973
SIMD3<Float>(-0.014196799, -0.14882874, -1.5628588)
0.00000000
CMRotationMatrix(m11: 0.0, m12: 0.0, m13: 0.0, m21: 0.0, m22: 0.0, m23: 0.0, m31: 0.0, m32: 0.0, m33: 0.0)

21
8641.194632666
normal
simd_float4x4([[0.006339384, -0.9998321, 0.017196245, 0.0], [0.98755884, 0.008961746, 0.15699516, 0.0], [-0.15712288, 0.01598705, 0.98744965, 0.0], [0.0015719812, 0.0018662065, 0.0052064406, 1.0]])
0.0015719812, 0.0018662065, 0.0052064406
SIMD3<Float>(-0.015987732, -0.15779701, -1.5618333)
0.00000000
CMRotationMatrix(m11: 0.0, m12: 0.0, m13: 0.0, m21: 0.0, m22: 0.0, m23: 0.0, m31: 0.0, m32: 0.0, m33: 0.0)

22
8641.411274083
normal
simd_float4x4([[0.008768744, -0.9996833, 0.02358365, 0.0], [0.98371834, 0.012857562, 0.17925633, 0.0], [-0.1795028, 0.021627817, 0.9835197, 0.0], [0.0024368127, 0.0013062557, 0.0011652109, 0.9999999]])
0.0024368127, 0.0013062557, 0.0011652109
SIMD3<Float>(-0.021629503, -0.18052371, -1.5579354)
0.00000000
CMRotationMatrix(m11: 0.0, m12: 0.0, m13: 0.0, m21: 0.0, m22: 0.0, m23: 0.0, m31: 0.0, m32: 0.0, m33: 0.0)

23
8641.627915416
normal
simd_float4x4([[0.0061801574, -0.9996625, 0.025232436, 0.0], [0.9803079, 0.011037189, 0.19716714, 0.0], [-0.1973791, 0.023517027, 0.9800452, 0.0], [0.0029580465, 0.00083995855, -5.2524334e-05, 1.0000001]])
0.0029580465, 0.00083995855, -5.2524334e-05
SIMD3<Float>(-0.023519196, -0.19873938, -1.5597558)
0.00000000
CMRotationMatrix(m11: 0.0, m12: 0.0, m13: 0.0, m21: 0.0, m22: 0.0, m23: 0.0, m31: 0.0, m32: 0.0, m33: 0.0)

24
8641.844556958
normal
simd_float4x4([[0.0054594097, -0.9996242, 0.026866179, 0.0], [0.97917634, 0.010796217, 0.20272459, 0.0], [-0.20293845, 0.025199967, 0.9788673, 0.0], [0.0025473665, 0.00069088116, 0.00023117289, 1.0]])
0.0025473665, 0.00069088116, 0.00023117289
SIMD3<Float>(-0.025202634, -0.20442371, -1.5599965)
0.00000000
CMRotationMatrix(m11: 0.0, m12: 0.0, m13: 0.0, m21: 0.0, m22: 0.0, m23: 0.0, m31: 0.0, m32: 0.0, m33: 0.0)

25
8642.061198291
normal
simd_float4x4([[0.005456207, -0.999575, 0.028635578, 0.0], [0.979446, 0.011116005, 0.20140056, 0.0], [-0.20163329, 0.026948115, 0.97909033, 0.0], [0.003086445, 0.00066331774, -0.0020274008, 1.0]])
0.003086445, 0.00066331774, -0.0020274008
SIMD3<Float>(-0.026951378, -0.20309995, -1.559676)
0.00000000
CMRotationMatrix(m11: 0.0, m12: 0.0, m13: 0.0, m21: 0.0, m22: 0.0, m23: 0.0, m31: 0.0, m32: 0.0, m33: 0.0)

26
8642.277839833
normal
simd_float4x4([[0.00552487, -0.9995257, 0.030295515, 0.0], [0.9782492, 0.011684575, 0.20710443, 0.0], [-0.20736021, 0.028492332, 0.9778498, 0.0], [0.0042361123, 0.0007760227, -0.0026114136, 1.0]])
0.0042361123, 0.0007760227, -0.0026114136
SIMD3<Float>(-0.028496187, -0.2089618, -1.5591067)
0.00000000
CMRotationMatrix(m11: 0.0, m12: 0.0, m13: 0.0, m21: 0.0, m22: 0.0, m23: 0.0, m31: 0.0, m32: 0.0, m33: 0.0)

27
8642.494481166
normal
simd_float4x4([[0.0065689366, -0.9992841, 0.03725757, 0.0], [0.9769819, 0.014357863, 0.21283871, 0.0], [-0.21322131, 0.03500184, 0.97637683, 0.0], [0.0045529874, 5.1543117e-05, -0.0046700607, 1.0]])
0.0045529874, 5.1543117e-05, -0.0046700607
SIMD3<Float>(-0.035008993, -0.21500471, -1.5564291)
0.00000000
CMRotationMatrix(m11: 0.0, m12: 0.0, m13: 0.0, m21: 0.0, m22: 0.0, m23: 0.0, m31: 0.0, m32: 0.0, m33: 0.0)

28
8642.711122458
normal
simd_float4x4([[0.0044477773, -0.99910456, 0.04207648, 0.0], [0.9784455, 0.013035307, 0.20609444, 0.0], [-0.20645839, 0.040252864, 0.9776273, 0.0], [0.0029731386, -0.00030464062, -0.0030386285, 1.0000001]])
0.0029731386, -0.00030464062, -0.0030386285
SIMD3<Float>(-0.040263742, -0.20812508, -1.5577501)
0.00000000
CMRotationMatrix(m11: 0.0, m12: 0.0, m13: 0.0, m21: 0.0, m22: 0.0, m23: 0.0, m31: 0.0, m32: 0.0, m33: 0.0)

29
8642.927763916
normal
simd_float4x4([[0.00063847064, -0.9989333, 0.04617251, 0.0], [0.9801165, 0.009786754, 0.19818155, 0.0], [-0.19842203, 0.045127902, 0.9790772, 0.0], [0.0011927742, 0.00029057264, 0.0003935909, 1.0]])
0.0011927742, 0.00029057264, 0.0003935909
SIMD3<Float>(-0.04514323, -0.19995414, -1.5609994)
0.00000000
CMRotationMatrix(m11: 0.0, m12: 0.0, m13: 0.0, m21: 0.0, m22: 0.0, m23: 0.0, m31: 0.0, m32: 0.0, m33: 0.0)

30
8643.144405458
normal
simd_float4x4([[-0.0035321114, -0.99898124, 0.044989347, 0.0], [0.9809197, 0.00528398, 0.19434188, 0.0], [-0.19438164, 0.04481737, 0.9799017, 0.0], [0.0014789155, 0.0006024155, 0.0022915218, 0.99999994]])
0.0014789155, 0.0006024155, 0.0022915218
SIMD3<Float>(-0.044832386, -0.19582634, -1.565507)
0.00000000
CMRotationMatrix(m11: 0.0, m12: 0.0, m13: 0.0, m21: 0.0, m22: 0.0, m23: 0.0, m31: 0.0, m32: 0.0, m33: 0.0)

31
8643.361046791
normal
simd_float4x4([[-0.01039235, -0.99885595, 0.04667781, 0.0], [0.9839695, -0.0019040236, 0.17832693, 0.0], [-0.17803405, 0.047782775, 0.9828636, 0.0], [0.00080921035, 0.0005887076, 0.0034432756, 1.0]])
0.00080921035, 0.0005887076, 0.0034432756
SIMD3<Float>(-0.047800977, -0.1791951, -1.5727025)
0.00000000
CMRotationMatrix(m11: 0.0, m12: 0.0, m13: 0.0, m21: 0.0, m22: 0.0, m23: 0.0, m31: 0.0, m32: 0.0, m33: 0.0)

32
8643.577688416
normal
simd_float4x4([[-0.013380318, -0.9986748, 0.049694873, 0.0], [0.98615175, -0.0049636024, 0.1657716, 0.0], [-0.16530527, 0.051224757, 0.9849113, 0.0], [0.00044773368, -3.5916742e-05, 0.0022528607, 0.99999994]])
0.00044773368, -3.5916742e-05, 0.0022528607
SIMD3<Float>(-0.051247187, -0.16628787, -1.5757664)
0.00000000
CMRotationMatrix(m11: 0.0, m12: 0.0, m13: 0.0, m21: 0.0, m22: 0.0, m23: 0.0, m31: 0.0, m32: 0.0, m33: 0.0)

33
8643.794329875
normal
simd_float4x4([[-0.013741232, -0.99838626, 0.055100314, 0.0], [0.9884556, -0.0052477582, 0.15142031, 0.0], [-0.1508868, 0.05654491, 0.98693264, 0.0], [0.000326097, -0.0012055673, 0.00131277, 1.0]])
0.000326097, -0.0012055673, 0.00131277
SIMD3<Float>(-0.056575086, -0.15170987, -1.5760525)
0.00000000
CMRotationMatrix(m11: 0.0, m12: 0.0, m13: 0.0, m21: 0.0, m22: 0.0, m23: 0.0, m31: 0.0, m32: 0.0, m33: 0.0)

34
8644.010971333
normal
simd_float4x4([[-0.013585183, -0.9978532, 0.06406559, 0.0], [0.9910066, -0.004906503, 0.1337229, 0.0], [-0.13312149, 0.06530606, 0.98894584, 0.0], [9.066658e-05, -0.002324894, 0.0008047223, 1.0]])
9.066658e-05, -0.002324894, 0.0008047223
SIMD3<Float>(-0.06535257, -0.13380519, -1.5757134)
0.00000000
CMRotationMatrix(m11: 0.0, m12: 0.0, m13: 0.0, m21: 0.0, m22: 0.0, m23: 0.0, m31: 0.0, m32: 0.0, m33: 0.0)

35
8644.227612958
normal
simd_float4x4([[-0.014653786, -0.9974488, 0.06986506, 0.0], [0.99330866, -0.0065164827, 0.115306176, 0.0], [-0.11455673, 0.07108724, 0.9908701, 0.0], [0.00012812205, -0.0031829327, 0.0014379406, 1.0]])
0.00012812205, -0.0031829327, 0.0014379406
SIMD3<Float>(-0.07114725, -0.11510125, -1.5773294)
0.00000000
CMRotationMatrix(m11: 0.0, m12: 0.0, m13: 0.0, m21: 0.0, m22: 0.0, m23: 0.0, m31: 0.0, m32: 0.0, m33: 0.0)

36
8644.444254458
normal
simd_float4x4([[-0.01954914, -0.9965742, 0.08035947, 0.0], [0.99532133, -0.011791725, 0.095898435, 0.0], [-0.09462232, 0.08185821, 0.9921421, 0.0], [0.0005804063, -0.0052603297, -0.0001049228, 1.0]])
0.0005804063, -0.0052603297, -0.0001049228
SIMD3<Float>(-0.081949905, -0.09508415, -1.582628)
0.00000000
CMRotationMatrix(m11: 0.0, m12: 0.0, m13: 0.0, m21: 0.0, m22: 0.0, m23: 0.0, m31: 0.0, m32: 0.0, m33: 0.0)

37
8644.660895875
normal
simd_float4x4([[-0.018944312, -0.9960704, 0.08651481, 0.0], [0.9966071, -0.011880555, 0.08144463, 0.0], [-0.080096744, 0.087764174, 0.992916, 0.0], [8.9349945e-05, -0.0056911535, -0.0008984763, 1.0000001]])
8.9349945e-05, -0.0056911535, -0.0008984763
SIMD3<Float>(-0.08787724, -0.0804939, -1.5827231)
0.00000000
CMRotationMatrix(m11: 0.0, m12: 0.0, m13: 0.0, m21: 0.0, m22: 0.0, m23: 0.0, m31: 0.0, m32: 0.0, m33: 0.0)

38
8644.877537541
normal
simd_float4x4([[-0.018011052, -0.9953616, 0.094503425, 0.0], [0.99720573, -0.011029364, 0.073886395, 0.0], [-0.07250137, 0.09557012, 0.99277896, 0.0], [-0.0009076615, -0.007139483, -0.00054388976, 0.99999994]])
-0.0009076615, -0.007139483, -0.00054388976
SIMD3<Float>(-0.0957162, -0.072899304, -1.5818766)
0.00000000
CMRotationMatrix(m11: 0.0, m12: 0.0, m13: 0.0, m21: 0.0, m22: 0.0, m23: 0.0, m31: 0.0, m32: 0.0, m33: 0.0)

39
8645.094179125
normal
simd_float4x4([[-0.009743536, -0.99434346, 0.105764166, 0.0], [0.99739075, -0.0020979394, 0.07216094, 0.0], [-0.07153086, 0.10619131, 0.9917695, 0.0], [-0.0032913322, -0.0089725545, -0.00090463035, 0.9999999]])
-0.0032913322, -0.0089725545, -0.00090463035
SIMD3<Float>(-0.10639191, -0.07199981, -1.5729063)
0.00000000
CMRotationMatrix(m11: 0.0, m12: 0.0, m13: 0.0, m21: 0.0, m22: 0.0, m23: 0.0, m31: 0.0, m32: 0.0, m33: 0.0)

40
8645.31082075
normal
simd_float4x4([[-0.0024679364, -0.99379104, 0.11123448, 0.0], [0.99785644, 0.0048268754, 0.06526351, 0.0], [-0.065395206, 0.11115709, 0.9916489, 0.0], [-0.005914664, -0.009701663, 0.0008823004, 0.99999994]])
-0.005914664, -0.009701663, 0.0008823004
SIMD3<Float>(-0.11138728, -0.06585058, -1.5659393)
0.00000000
CMRotationMatrix(m11: 0.0, m12: 0.0, m13: 0.0, m21: 0.0, m22: 0.0, m23: 0.0, m31: 0.0, m32: 0.0, m33: 0.0)

41
8645.527462333
normal
simd_float4x4([[0.004597611, -0.9912031, 0.13226973, 0.0], [0.99900776, 0.010412222, 0.043302253, 0.0], [-0.04429855, 0.1319394, 0.99026746, 0.0], [-0.008535454, -0.012591681, -0.0033023036, 0.9999999]])
-0.008535454, -0.012591681, -0.0033023036
SIMD3<Float>(-0.13232523, -0.04470412, -1.5602921)
0.00000000
CMRotationMatrix(m11: 0.0, m12: 0.0, m13: 0.0, m21: 0.0, m22: 0.0, m23: 0.0, m31: 0.0, m32: 0.0, m33: 0.0)

42
8645.744103791
normal
simd_float4x4([[0.0070775687, -0.99060327, 0.13658331, 0.0], [0.9995986, 0.010755511, 0.026209036, 0.0], [-0.027431779, 0.13634297, 0.9902818, 0.0], [-0.011305047, -0.01321531, -0.004640939, 1.0000001]])
-0.011305047, -0.01321531, -0.004640939
SIMD3<Float>(-0.13676897, -0.0276939, -1.5599393)
0.00000000
CMRotationMatrix(m11: 0.0, m12: 0.0, m13: 0.0, m21: 0.0, m22: 0.0, m23: 0.0, m31: 0.0, m32: 0.0, m33: 0.0)

43
8645.960745541
normal
simd_float4x4([[0.00904535, -0.991485, 0.12990633, 0.0], [0.9998053, 0.011246096, 0.016217439, 0.0], [-0.017540287, 0.12973432, 0.9913937, 0.0], [-0.015754938, -0.013061256, -0.0035664563, 0.99999994]])
-0.015754938, -0.013061256, -0.0035664563
SIMD3<Float>(-0.13010104, -0.017690709, -1.5594541)
0.00000000
CMRotationMatrix(m11: 0.0, m12: 0.0, m13: 0.0, m21: 0.0, m22: 0.0, m23: 0.0, m31: 0.0, m32: 0.0, m33: 0.0)

44
8646.177387041
normal
simd_float4x4([[0.010620356, -0.9922668, 0.12366821, 0.0], [0.9998828, 0.011901428, 0.0096247895, 0.0], [-0.011022187, 0.1235515, 0.9922769, 0.0], [-0.019744769, -0.013706771, -0.005645635, 0.99999994]])
-0.019744769, -0.013706771, -0.005645635
SIMD3<Float>(-0.12386802, -0.011107518, -1.5588027)
0.00000000
CMRotationMatrix(m11: 0.0, m12: 0.0, m13: 0.0, m21: 0.0, m22: 0.0, m23: 0.0, m31: 0.0, m32: 0.0, m33: 0.0)

45
8646.394028583
normal
simd_float4x4([[0.010789264, -0.9933119, 0.114956826, 0.0], [0.9999337, 0.011179466, 0.002750146, 0.0], [-0.004016909, 0.114919536, 0.9933667, 0.0], [-0.021043262, -0.01312224, -0.006277227, 1.0]])
-0.021043262, -0.01312224, -0.006277227
SIMD3<Float>(-0.115173995, -0.00404371, -1.5595421)
0.00000000
CMRotationMatrix(m11: 0.0, m12: 0.0, m13: 0.0, m21: 0.0, m22: 0.0, m23: 0.0, m31: 0.0, m32: 0.0, m33: 0.0)

46
8646.610670208
normal
simd_float4x4([[0.0101462975, -0.9943599, 0.10557224, 0.0], [0.99993986, 0.009650169, -0.0052092024, 0.0], [0.0041610315, 0.105618745, 0.994398, 0.0], [-0.01954989, -0.01297774, -0.0047257654, 1.0]])
-0.01954989, -0.01297774, -0.0047257654
SIMD3<Float>(-0.1058161, 0.0041844486, -1.5610918)
0.00000000
CMRotationMatrix(m11: 0.0, m12: 0.0, m13: 0.0, m21: 0.0, m22: 0.0, m23: 0.0, m31: 0.0, m32: 0.0, m33: 0.0)

47
8646.827311875
normal
simd_float4x4([[0.0080906935, -0.99491507, 0.100391515, 0.0], [0.9997693, 0.0060502347, -0.020612864, 0.0], [0.01990066, 0.100535125, 0.9947345, 0.0], [-0.018330744, -0.013644429, -0.008435201, 1.0]])
-0.018330744, -0.013644429, -0.008435201
SIMD3<Float>(-0.10070526, 0.020003332, -1.5647153)
0.00000000
CMRotationMatrix(m11: 0.0, m12: 0.0, m13: 0.0, m21: 0.0, m22: 0.0, m23: 0.0, m31: 0.0, m32: 0.0, m33: 0.0)

48
8647.043953416
normal
simd_float4x4([[0.0063011176, -0.99563617, 0.09310765, 0.0], [0.99952984, 0.0034768006, -0.030465018, 0.0], [0.030008355, 0.093255825, 0.99518996, 0.0], [-0.017858438, -0.013129597, -0.007171292, 1.0000001]])
-0.017858438, -0.013129597, -0.007171292
SIMD3<Float>(-0.09339152, 0.030144261, -1.5673043)
0.00000000
CMRotationMatrix(m11: 0.0, m12: 0.0, m13: 0.0, m21: 0.0, m22: 0.0, m23: 0.0, m31: 0.0, m32: 0.0, m33: 0.0)

49
8647.260595083
normal
simd_float4x4([[0.0044148657, -0.9961723, 0.087298475, 0.0], [0.99923307, 0.0009981097, -0.03914376, 0.0], [0.038906794, 0.08740433, 0.9954128, 0.0], [-0.018285878, -0.01261675, -0.0069513195, 0.9999998]])
-0.018285878, -0.01261675, -0.0069513195
SIMD3<Float>(-0.087516, 0.039066203, -1.5697944)
0.00000000
CMRotationMatrix(m11: 0.0, m12: 0.0, m13: 0.0, m21: 0.0, m22: 0.0, m23: 0.0, m31: 0.0, m32: 0.0, m33: 0.0)

50
8647.477236833
normal
simd_float4x4([[0.004312995, -0.9962873, 0.0859831, 0.0], [0.9990533, 0.0005706531, -0.043501303, 0.0], [0.043290727, 0.08608932, 0.99534655, 0.0], [-0.01877094, -0.0130119175, -0.009587052, 1.0]])
-0.01877094, -0.0130119175, -0.009587052
SIMD3<Float>(-0.08619602, 0.043465726, -1.5702236)
0.00000000
CMRotationMatrix(m11: 0.0, m12: 0.0, m13: 0.0, m21: 0.0, m22: 0.0, m23: 0.0, m31: 0.0, m32: 0.0, m33: 0.0)

51
8647.693878375
normal
simd_float4x4([[0.0033881653, -0.99654496, 0.082986094, 0.0], [0.99848735, -0.0011828674, -0.054970898, 0.0], [0.054879133, 0.08304681, 0.99503344, 0.0], [-0.01943018, -0.01198313, -0.009494352, 1.0]])
-0.01943018, -0.01198313, -0.009494352
SIMD3<Float>(-0.08314256, 0.055097234, -1.5719833)
0.00000000
CMRotationMatrix(m11: 0.0, m12: 0.0, m13: 0.0, m21: 0.0, m22: 0.0, m23: 0.0, m31: 0.0, m32: 0.0, m33: 0.0)

52
8647.910520208
normal
simd_float4x4([[0.00114369, -0.99679065, 0.08004385, 0.0], [0.9977903, -0.004180045, -0.066311054, 0.0], [0.066432826, 0.07994281, 0.9945832, 0.0], [-0.020268545, -0.010710672, -0.009666955, 1.0]])
-0.020268545, -0.010710672, -0.009666955
SIMD3<Float>(-0.080028206, 0.06669557, -1.5749898)
0.00000000
CMRotationMatrix(m11: 0.0, m12: 0.0, m13: 0.0, m21: 0.0, m22: 0.0, m23: 0.0, m31: 0.0, m32: 0.0, m33: 0.0)

53
8648.127161791
normal
simd_float4x4([[0.0010246931, -0.9970217, 0.07711479, 0.0], [0.99707043, -0.004879246, -0.07633302, 0.0], [0.07648194, 0.0769671, 0.99409586, 0.0], [-0.021320075, -0.009671371, -0.009860573, 1.0]])
-0.021320075, -0.009671371, -0.009860573
SIMD3<Float>(-0.077043295, 0.076784916, -1.5756902)
0.00000000
CMRotationMatrix(m11: 0.0, m12: 0.0, m13: 0.0, m21: 0.0, m22: 0.0, m23: 0.0, m31: 0.0, m32: 0.0, m33: 0.0)

54
8648.343803416
normal
simd_float4x4([[0.0004907219, -0.9974245, 0.07172257, 0.0], [0.99602956, -0.005897435, -0.08882865, 0.0], [0.089022845, 0.07148138, 0.9934613, 0.0], [-0.022137236, -0.008889627, -0.009423758, 1.0]])
-0.022137236, -0.008889627, -0.009423758
SIMD3<Float>(-0.07154239, 0.08937007, -1.5767089)
0.00000000
CMRotationMatrix(m11: 0.0, m12: 0.0, m13: 0.0, m21: 0.0, m22: 0.0, m23: 0.0, m31: 0.0, m32: 0.0, m33: 0.0)

55
8648.560445
normal
simd_float4x4([[-0.0014738663, -0.9976719, 0.06818022, 0.0], [0.99445885, -0.008629172, -0.10477209, 0.0], [0.10511652, 0.06764799, 0.9921564, 0.0], [-0.023161842, -0.008320895, -0.010562073, 0.99999994]])
-0.023161842, -0.008320895, -0.010562073
SIMD3<Float>(-0.06769969, 0.10555376, -1.5794454)
0.00000000
CMRotationMatrix(m11: 0.0, m12: 0.0, m13: 0.0, m21: 0.0, m22: 0.0, m23: 0.0, m31: 0.0, m32: 0.0, m33: 0.0)

56
8648.777086791
normal
simd_float4x4([[-0.003705068, -0.99780685, 0.06608868, 0.0], [0.99319357, -0.011365783, -0.11592013, 0.0], [0.11641705, 0.06520936, 0.9910574, 0.0], [-0.023589121, -0.0075034015, -0.011469865, 1.0]])
-0.023589121, -0.0075034015, -0.011469865
SIMD3<Float>(-0.065255664, 0.11693165, -1.5821866)
0.00000000
CMRotationMatrix(m11: 0.0, m12: 0.0, m13: 0.0, m21: 0.0, m22: 0.0, m23: 0.0, m31: 0.0, m32: 0.0, m33: 0.0)

57
8648.993728458
normal
simd_float4x4([[-0.0021676656, -0.9979918, 0.063306995, 0.0], [0.9926813, -0.009791458, -0.12036576, 0.0], [0.12074391, 0.062582746, 0.990709, 0.0], [-0.024757823, -0.007366353, -0.011508932, 0.99999994]])
-0.024757823, -0.007366353, -0.011508932
SIMD3<Float>(-0.06262367, 0.12127814, -1.5806072)
0.00000000
CMRotationMatrix(m11: 0.0, m12: 0.0, m13: 0.0, m21: 0.0, m22: 0.0, m23: 0.0, m31: 0.0, m32: 0.0, m33: 0.0)

58
8649.21037025
normal
simd_float4x4([[-0.0013568954, -0.9980344, 0.06265328, 0.0], [0.991875, -0.00931334, -0.12687546, 0.0], [0.1272096, 0.061972063, 0.98993796, 0.0], [-0.02490654, -0.007425867, -0.011360149, 1.0]])
-0.02490654, -0.007425867, -0.011360149
SIMD3<Float>(-0.0620118, 0.12780221, -1.5801277)
0.00000000
CMRotationMatrix(m11: 0.0, m12: 0.0, m13: 0.0, m21: 0.0, m22: 0.0, m23: 0.0, m31: 0.0, m32: 0.0, m33: 0.0)

59
8649.427011916
normal
simd_float4x4([[0.00011973202, -0.9980267, 0.06279034, 0.0], [0.9916154, -0.0079955505, -0.12897687, 0.0], [0.1292244, 0.06227931, 0.9896577, 0.0], [-0.025197404, -0.007267145, -0.012200128, 0.99999994]])
-0.025197404, -0.007267145, -0.012200128
SIMD3<Float>(-0.06231964, 0.12984025, -1.5788075)
0.00000000
CMRotationMatrix(m11: 0.0, m12: 0.0, m13: 0.0, m21: 0.0, m22: 0.0, m23: 0.0, m31: 0.0, m32: 0.0, m33: 0.0)

60
8649.643653625
normal
simd_float4x4([[-0.0002520757, -0.99806625, 0.062158808, 0.0], [0.9912068, -0.008474328, -0.13205019, 0.0], [0.1323216, 0.06157894, 0.9892922, 0.0], [-0.025585359, -0.0071702674, -0.013333934, 1.0]])
-0.025585359, -0.0071702674, -0.013333934
SIMD3<Float>(-0.061617926, 0.13296464, -1.5792868)
0.00000000
CMRotationMatrix(m11: 0.0, m12: 0.0, m13: 0.0, m21: 0.0, m22: 0.0, m23: 0.0, m31: 0.0, m32: 0.0, m33: 0.0)

61
8649.860295208
normal
simd_float4x4([[0.00034954573, -0.99804103, 0.06256141, 0.0], [0.99122894, -0.007922014, -0.131918, 0.0], [0.1321552, 0.062058784, 0.98928446, 0.0], [-0.02563398, -0.007143782, -0.014166845, 0.99999994]])
-0.02563398, -0.007143782, -0.014166845
SIMD3<Float>(-0.06209869, 0.13280042, -1.5787337)
0.00000000
CMRotationMatrix(m11: 0.0, m12: 0.0, m13: 0.0, m21: 0.0, m22: 0.0, m23: 0.0, m31: 0.0, m32: 0.0, m33: 0.0)

62
8650.076937
normal
simd_float4x4([[0.0018061026, -0.99792814, 0.06431156, 0.0], [0.9913511, -0.0066524227, -0.13106701, 0.0], [0.1312233, 0.063992046, 0.98928523, 0.0], [-0.025832886, -0.0075254687, -0.014756549, 0.9999999]])
-0.025832886, -0.0075254687, -0.014756549
SIMD3<Float>(-0.0640358, 0.13187473, -1.5774624)
0.00000000
CMRotationMatrix(m11: 0.0, m12: 0.0, m13: 0.0, m21: 0.0, m22: 0.0, m23: 0.0, m31: 0.0, m32: 0.0, m33: 0.0)

63
8650.293578666
normal
simd_float4x4([[0.0020602497, -0.9978075, 0.06614946, 0.0], [0.99121416, -0.0067106774, -0.13209651, 0.0], [0.13225082, 0.06584043, 0.989027, 0.0], [-0.025792507, -0.0074028843, -0.0153224645, 0.9999999]])
-0.025792507, -0.0074028843, -0.0153224645
SIMD3<Float>(-0.06588809, 0.13292956, -1.5775217)
0.00000000
CMRotationMatrix(m11: 0.0, m12: 0.0, m13: 0.0, m21: 0.0, m22: 0.0, m23: 0.0, m31: 0.0, m32: 0.0, m33: 0.0)
