camera_matrix:
- - 819.7375674224324
  - 0.0
  - 512.6162509923591
- - 0.0
  - 824.4628650025409
  - 363.6353999190673
- - 0.0
  - 0.0
  - 1.0
dist_coeff:
- - 0.3625525153677332
  - -3.2679279813222446
  - -0.0021839532690037787
  - 0.005111306481267258
  - 9.299685321985333
