camera_matrix:
- - 3280.1416389452497
  - 0.0
  - 2051.308838596682
- - 0.0
  - 3298.877562243612
  - 1457.0395478396988
- - 0.0
  - 0.0
  - 1.0
dist_coeff:
- - 0.3584224308304239
  - -3.2316961497984638
  - -0.0020241077395336247
  - 0.005125810383911658
  - 9.145486487494859
