ARKit Data

1
8505.631315375
normal
simd_float4x4([[-0.024322756, -0.9987515, 0.0436315, 0.0], [0.99967444, -0.02463531, -0.0066401265, 0.0], [0.0077067087, 0.043455787, 0.99902564, 0.0], [-0.0021585282, -0.0031852126, -0.0011662538, 0.99999994]])
-0.0021585282, -0.0031852126, -0.0011662538
SIMD3<Float>(-0.043469477, 0.0077140722, -1.5954574)
0.00000000
CMRotationMatrix(m11: 0.0, m12: 0.0, m13: 0.0, m21: 0.0, m22: 0.0, m23: 0.0, m31: 0.0, m32: 0.0, m33: 0.0)

2
8505.84795625
normal
simd_float4x4([[-0.026759107, -0.99886805, 0.039324116, 0.0], [0.99961984, -0.026999008, -0.0055822553, 0.0], [0.0066376473, 0.039159793, 0.9992109, 0.0], [-0.001592617, -0.0026424006, -0.001085598, 0.99999994]])
-0.001592617, -0.0026424006, -0.001085598
SIMD3<Float>(-0.039169807, 0.0066427914, -1.5978193)
0.00000000
CMRotationMatrix(m11: 0.0, m12: 0.0, m13: 0.0, m21: 0.0, m22: 0.0, m23: 0.0, m31: 0.0, m32: 0.0, m33: 0.0)

3
8506.064597166
normal
simd_float4x4([[-0.027347518, -0.9987826, 0.04105315, 0.0], [0.99960047, -0.027617114, -0.0060142227, 0.0], [0.0071406686, 0.040872276, 0.99913883, 0.0], [-0.0014117756, -0.002318509, -0.0017143954, 0.99999994]])
-0.0014117756, -0.002318509, -0.0017143954
SIMD3<Float>(-0.040883664, 0.0071467017, -1.59844)
0.00000000
CMRotationMatrix(m11: 0.0, m12: 0.0, m13: 0.0, m21: 0.0, m22: 0.0, m23: 0.0, m31: 0.0, m32: 0.0, m33: 0.0)

4
8506.281238208
normal
simd_float4x4([[-0.026817137, -0.9989817, 0.036278952, 0.0], [0.99962735, -0.026984235, -0.004124158, 0.0], [0.0050989185, 0.036154833, 0.99933314, 0.0], [-0.0015277892, -0.0023581956, -0.002242329, 0.9999999]])
-0.0015277892, -0.0023581956, -0.002242329
SIMD3<Float>(-0.036162715, 0.005102277, -1.5978014)
0.00000000
CMRotationMatrix(m11: 0.0, m12: 0.0, m13: 0.0, m21: 0.0, m22: 0.0, m23: 0.0, m31: 0.0, m32: 0.0, m33: 0.0)

5
8506.497879041
normal
simd_float4x4([[-0.027041927, -0.99901026, 0.03531535, 0.0], [0.9996151, -0.027243603, -0.0052419775, 0.0], [0.0061989054, 0.03516, 0.9993625, 0.0], [-0.0014495351, -0.0022516176, -0.0019693682, 0.99999994]])
-0.0014495351, -0.0022516176, -0.0019693682
SIMD3<Float>(-0.03516725, 0.00620278, -1.5980601)
0.00000000
CMRotationMatrix(m11: 0.0, m12: 0.0, m13: 0.0, m21: 0.0, m22: 0.0, m23: 0.0, m31: 0.0, m32: 0.0, m33: 0.0)

6
8506.714520166
normal
simd_float4x4([[-0.027304895, -0.9989905, 0.035668068, 0.0], [0.99962676, -0.027316047, 0.0001747309, 0.0], [0.0007997553, 0.035659526, 0.9993636, 0.0], [-0.00095238077, -0.001970501, -0.0025979741, 0.9999999]])
-0.00095238077, -0.001970501, -0.0025979741
SIMD3<Float>(-0.035667088, 0.0008002644, -1.5981332)
0.00000000
CMRotationMatrix(m11: 0.0, m12: 0.0, m13: 0.0, m21: 0.0, m22: 0.0, m23: 0.0, m31: 0.0, m32: 0.0, m33: 0.0)

7
8506.931161041
normal
simd_float4x4([[-0.02843325, -0.9989431, 0.036113173, 0.0], [0.99956685, -0.028139433, 0.0086183725, 0.0], [-0.0075930585, 0.036342572, 0.9993105, 0.0], [0.00038721878, -0.0018053614, -0.0027287262, 0.99999994]])
0.00038721878, -0.0018053614, -0.0027287262
SIMD3<Float>(-0.036350578, -0.0075981515, -1.5989581)
0.00000000
CMRotationMatrix(m11: 0.0, m12: 0.0, m13: 0.0, m21: 0.0, m22: 0.0, m23: 0.0, m31: 0.0, m32: 0.0, m33: 0.0)

8
8507.147802125
normal
simd_float4x4([[-0.029468602, -0.9989767, 0.03430468, 0.0], [0.99938947, -0.028801855, 0.01977069, 0.0], [-0.018762423, 0.034866355, 0.9992157, 0.0], [0.0035114991, -0.0016041994, -0.0022725277, 0.99999994]])
0.0035114991, -0.0016041994, -0.0022725277
SIMD3<Float>(-0.034873422, -0.018774943, -1.5996197)
0.00000000
CMRotationMatrix(m11: 0.0, m12: 0.0, m13: 0.0, m21: 0.0, m22: 0.0, m23: 0.0, m31: 0.0, m32: 0.0, m33: 0.0)

9
8507.364443166
normal
simd_float4x4([[-0.029281475, -0.99897677, 0.03446579, 0.0], [0.9991782, -0.028285729, 0.029032214, 0.0], [-0.028027618, 0.035287574, 0.99898404, 0.0], [0.0036800993, -0.0021290667, -0.0009735194, 0.99999994]])
0.0036800993, -0.0021290667, -0.0009735194
SIMD3<Float>(-0.0352949, -0.028048765, -1.5991035)
0.00000000
CMRotationMatrix(m11: 0.0, m12: 0.0, m13: 0.0, m21: 0.0, m22: 0.0, m23: 0.0, m31: 0.0, m32: 0.0, m33: 0.0)

10
8507.58108425
normal
simd_float4x4([[-0.028326074, -0.99901617, 0.03411996, 0.0], [0.9990933, -0.027209945, 0.032743696, 0.0], [-0.03178308, 0.035016526, 0.9988811, 0.0], [0.005200137, -0.0015706308, -0.0024568038, 0.99999994]])
0.005200137, -0.0015706308, -0.0024568038
SIMD3<Float>(-0.035023686, -0.03180795, -1.5980264)
0.00000000
CMRotationMatrix(m11: 0.0, m12: 0.0, m13: 0.0, m21: 0.0, m22: 0.0, m23: 0.0, m31: 0.0, m32: 0.0, m33: 0.0)

11
8507.797725291
normal
simd_float4x4([[-0.03066348, -0.99896073, 0.03372085, 0.0], [0.9989992, -0.029530628, 0.03359494, 0.0], [-0.03256423, 0.03471724, 0.99886644, 0.0], [0.009691174, -0.0017134633, -0.0031122088, 0.9999999]])
0.009691174, -0.0017134633, -0.0031122088
SIMD3<Float>(-0.034724217, -0.032589644, -1.6003491)
0.00000000
CMRotationMatrix(m11: 0.0, m12: 0.0, m13: 0.0, m21: 0.0, m22: 0.0, m23: 0.0, m31: 0.0, m32: 0.0, m33: 0.0)

12
8508.014366375
normal
simd_float4x4([[-0.03527857, -0.9987875, 0.034330547, 0.0], [0.99904627, -0.03436192, 0.026934156, 0.0], [-0.02572184, 0.035248008, 0.99904734, 0.0], [0.010101131, -0.0019438813, -0.0029269417, 0.9999998]])
0.010101131, -0.0019438813, -0.0029269417
SIMD3<Float>(-0.03525531, -0.025740681, -1.6051863)
0.00000000
CMRotationMatrix(m11: 0.0, m12: 0.0, m13: 0.0, m21: 0.0, m22: 0.0, m23: 0.0, m31: 0.0, m32: 0.0, m33: 0.0)

13
8508.231007208
normal
simd_float4x4([[-0.0350322, -0.99863976, 0.03861778, 0.0], [0.99926245, -0.03439372, 0.017075725, 0.0], [-0.01572429, 0.03918749, 0.99910814, 0.0], [0.015270376, -0.0027629111, -0.006567228, 0.9999999]])
0.015270376, -0.0027629111, -0.006567228
SIMD3<Float>(-0.039197527, -0.015737027, -1.6052233)
0.00000000
CMRotationMatrix(m11: 0.0, m12: 0.0, m13: 0.0, m21: 0.0, m22: 0.0, m23: 0.0, m31: 0.0, m32: 0.0, m33: 0.0)

14
8508.447648375
normal
simd_float4x4([[-0.034145538, -0.9986777, 0.03843049, 0.0], [0.9993977, -0.03388144, 0.00750258, 0.0], [-0.00619058, 0.03866353, 0.9992331, 0.0], [0.020415884, -0.0022681481, -0.0022804525, 1.0]])
0.020415884, -0.0022681481, -0.0022804525
SIMD3<Float>(-0.03867317, -0.006195252, -1.6047096)
0.00000000
CMRotationMatrix(m11: 0.0, m12: 0.0, m13: 0.0, m21: 0.0, m22: 0.0, m23: 0.0, m31: 0.0, m32: 0.0, m33: 0.0)

15
8508.664289458
normal
simd_float4x4([[-0.03400299, -0.99860346, 0.04043327, 0.0], [0.9993935, -0.034277864, -0.006124427, 0.0], [0.0075018397, 0.040200494, 0.99916345, 0.0], [0.02136884, -0.0033367178, -0.0045661116, 1.0]])
0.02136884, -0.0033367178, -0.0045661116
SIMD3<Float>(-0.04021133, 0.0075079794, -1.6051086)
0.00000000
CMRotationMatrix(m11: 0.0, m12: 0.0, m13: 0.0, m21: 0.0, m22: 0.0, m23: 0.0, m31: 0.0, m32: 0.0, m33: 0.0)

16
8508.880930625
normal
simd_float4x4([[-0.034131784, -0.9986169, 0.03999156, 0.0], [0.999299, -0.034715965, -0.014005201, 0.0], [0.015374177, 0.039485507, 0.9991018, 0.0], [0.023237908, -0.0025663464, -0.0028768443, 1.0]])
0.023237908, -0.0025663464, -0.0028768443
SIMD3<Float>(-0.039495774, 0.0153867835, -1.6055464)
0.00000000
CMRotationMatrix(m11: 0.0, m12: 0.0, m13: 0.0, m21: 0.0, m22: 0.0, m23: 0.0, m31: 0.0, m32: 0.0, m33: 0.0)

17
8509.097571708
normal
simd_float4x4([[-0.036944807, -0.9985358, 0.039510585, 0.0], [0.9991037, -0.037725355, -0.01919575, 0.0], [0.020658199, 0.038765993, 0.9990347, 0.0], [0.029023083, -0.0032712482, -0.002258453, 0.99999994]])
0.029023083, -0.0032712482, -0.002258453
SIMD3<Float>(-0.03877571, 0.020675212, -1.608559)
0.00000000
CMRotationMatrix(m11: 0.0, m12: 0.0, m13: 0.0, m21: 0.0, m22: 0.0, m23: 0.0, m31: 0.0, m32: 0.0, m33: 0.0)

18
8509.314212833
normal
simd_float4x4([[-0.036623687, -0.9983509, 0.044202138, 0.0], [0.9990102, -0.037693303, -0.023612244, 0.0], [0.025239438, 0.04329362, 0.9987434, 0.0], [0.029702581, -0.003617125, -0.0042567914, 0.9999998]])
0.029702581, -0.003617125, -0.0042567914
SIMD3<Float>(-0.04330716, 0.025265815, -1.608534)
0.00000000
CMRotationMatrix(m11: 0.0, m12: 0.0, m13: 0.0, m21: 0.0, m22: 0.0, m23: 0.0, m31: 0.0, m32: 0.0, m33: 0.0)

19
8509.530854166
normal
simd_float4x4([[-0.040200073, -0.9981345, 0.04595063, 0.0], [0.99862826, -0.04167896, -0.031692266, 0.0], [0.033548314, 0.044613566, 0.99844086, 0.0], [0.03401257, -0.0035797507, -0.0035035524, 0.99999994]])
0.03401257, -0.0035797507, -0.0035035524
SIMD3<Float>(-0.044628378, 0.033588067, -1.6125289)
0.00000000
CMRotationMatrix(m11: 0.0, m12: 0.0, m13: 0.0, m21: 0.0, m22: 0.0, m23: 0.0, m31: 0.0, m32: 0.0, m33: 0.0)

20
8509.747495166
normal
simd_float4x4([[-0.043289546, -0.9979921, 0.04623592, 0.0], [0.9980007, -0.04533037, -0.044042777, 0.0], [0.046050243, 0.04423689, 0.9979591, 0.0], [0.041226786, -0.0044271313, -0.0032124314, 0.99999994]])
0.041226786, -0.0044271313, -0.0032124314
SIMD3<Float>(-0.04425133, 0.04611171, -1.6161867)
0.00000000
CMRotationMatrix(m11: 0.0, m12: 0.0, m13: 0.0, m21: 0.0, m22: 0.0, m23: 0.0, m31: 0.0, m32: 0.0, m33: 0.0)

21
8509.964136375
normal
simd_float4x4([[-0.046299964, -0.99787235, 0.045901023, 0.0], [0.99602675, -0.049616028, -0.07395182, 0.0], [0.07607191, 0.04229468, 0.9962048, 0.0], [0.04412445, -0.0048693516, -0.0033492907, 0.9999998]])
0.04412445, -0.0048693516, -0.0033492907
SIMD3<Float>(-0.042307302, 0.076213814, -1.6204772)
0.00000000
CMRotationMatrix(m11: 0.0, m12: 0.0, m13: 0.0, m21: 0.0, m22: 0.0, m23: 0.0, m31: 0.0, m32: 0.0, m33: 0.0)

22
8510.180777416
normal
simd_float4x4([[-0.047985602, -0.9977772, 0.046236884, 0.0], [0.997399, -0.050357033, -0.05156734, 0.0], [0.053781062, 0.04364213, 0.9975985, 0.0], [-0.0035843686, 0.0014002945, -0.000428082, 0.9999999]])
-0.0035843686, 0.0014002945, -0.000428082
SIMD3<Float>(-0.043655995, 0.053858392, -1.6212227)
0.00000000
CMRotationMatrix(m11: 0.0, m12: 0.0, m13: 0.0, m21: 0.0, m22: 0.0, m23: 0.0, m31: 0.0, m32: 0.0, m33: 0.0)

23
8510.397418666
normal
simd_float4x4([[-0.045792546, -0.9977771, 0.048412986, 0.0], [0.99614817, -0.049238265, -0.07255602, 0.0], [0.074778505, 0.04490398, 0.99618864, 0.0], [-0.006007107, 0.0015542544, -0.00094901165, 0.99999994]])
-0.006007107, 0.0015542544, -0.00094901165
SIMD3<Float>(-0.044919085, 0.07492409, -1.6201043)
0.00000000
CMRotationMatrix(m11: 0.0, m12: 0.0, m13: 0.0, m21: 0.0, m22: 0.0, m23: 0.0, m31: 0.0, m32: 0.0, m33: 0.0)

24
8510.614059708
normal
simd_float4x4([[-0.043355826, -0.99753547, 0.055165358, 0.0], [0.994751, -0.04822565, -0.09024769, 0.0], [0.092685655, 0.050963033, 0.99439025, 0.0], [-0.008483552, 0.000793426, -0.0013555788, 0.9999999]])
-0.008483552, 0.000793426, -0.0013555788
SIMD3<Float>(-0.05098512, 0.09294, -1.6191036)
0.00000000
CMRotationMatrix(m11: 0.0, m12: 0.0, m13: 0.0, m21: 0.0, m22: 0.0, m23: 0.0, m31: 0.0, m32: 0.0, m33: 0.0)

25
8510.830701041
normal
simd_float4x4([[-0.043624826, -0.9975278, 0.05509187, 0.0], [0.9919863, -0.04979551, -0.1161183, 0.0], [0.11857457, 0.04958474, 0.9917063, 0.0], [-0.011371821, 0.0016059056, 0.0012137536, 0.99999994]])
-0.011371821, 0.0016059056, 0.0012137536
SIMD3<Float>(-0.04960508, 0.11900128, -1.6206739)
0.00000000
CMRotationMatrix(m11: 0.0, m12: 0.0, m13: 0.0, m21: 0.0, m22: 0.0, m23: 0.0, m31: 0.0, m32: 0.0, m33: 0.0)

26
8511.047342375
normal
simd_float4x4([[-0.042342354, -0.99773866, 0.05219753, 0.0], [0.98886216, -0.049312223, -0.14042738, 0.0], [0.1426838, 0.04567014, 0.9887141, 0.0], [-0.016716734, 0.002990047, 0.0039852327, 1.0]])
-0.016716734, 0.002990047, 0.0039852327
SIMD3<Float>(-0.045686033, 0.14332302, -1.6201801)
0.00000000
CMRotationMatrix(m11: 0.0, m12: 0.0, m13: 0.0, m21: 0.0, m22: 0.0, m23: 0.0, m31: 0.0, m32: 0.0, m33: 0.0)

27
8511.263983541
normal
simd_float4x4([[-0.036969833, -0.9979832, 0.05159932, 0.0], [0.98770785, -0.04433903, -0.14988983, 0.0], [0.15187544, 0.045423657, 0.9873552, 0.0], [-0.024166642, 0.0024396926, 0.005150019, 0.99999994]])
-0.024166642, 0.0024396926, 0.005150019
SIMD3<Float>(-0.04543929, 0.15262423, -1.6151958)
0.00000000
CMRotationMatrix(m11: 0.0, m12: 0.0, m13: 0.0, m21: 0.0, m22: 0.0, m23: 0.0, m31: 0.0, m32: 0.0, m33: 0.0)

28
8511.480624666
normal
simd_float4x4([[-0.03129866, -0.99840623, 0.0469582, 0.0], [0.9864722, -0.038419828, -0.15936175, 0.0], [0.1609119, 0.04133516, 0.98610264, 0.0], [-0.036383443, 0.0038176104, 0.008853408, 0.99999994]])
-0.036383443, 0.0038176104, 0.008853408
SIMD3<Float>(-0.04134694, 0.16175401, -1.6092585)
0.00000000
CMRotationMatrix(m11: 0.0, m12: 0.0, m13: 0.0, m21: 0.0, m22: 0.0, m23: 0.0, m31: 0.0, m32: 0.0, m33: 0.0)

29
8511.697265958
normal
simd_float4x4([[-0.02880806, -0.99835503, 0.049571134, 0.0], [0.9854913, -0.036665246, -0.16571826, 0.0], [0.16726321, 0.0440779, 0.98492646, 0.0], [-0.04983975, 0.003683161, 0.010479136, 0.99999994]])
-0.04983975, 0.003683161, 0.010479136
SIMD3<Float>(-0.044092186, 0.16821817, -1.6075054)
0.00000000
CMRotationMatrix(m11: 0.0, m12: 0.0, m13: 0.0, m21: 0.0, m22: 0.0, m23: 0.0, m31: 0.0, m32: 0.0, m33: 0.0)

30
8511.913907125
normal
simd_float4x4([[-0.019822136, -0.99811816, 0.058026876, 0.0], [0.9870324, -0.028782835, -0.15791962, 0.0], [0.15929264, 0.0541441, 0.98574543, 0.0], [-0.0602678, 0.0028394274, 0.007820992, 0.99999994]])
-0.0602678, 0.0028394274, 0.007820992
SIMD3<Float>(-0.05417059, 0.16021116, -1.5996255)
0.00000000
CMRotationMatrix(m11: 0.0, m12: 0.0, m13: 0.0, m21: 0.0, m22: 0.0, m23: 0.0, m31: 0.0, m32: 0.0, m33: 0.0)

31
8512.130548416
normal
simd_float4x4([[-0.018458888, -0.9975669, 0.06722702, 0.0], [0.9898167, -0.0277247, -0.13962136, 0.0], [0.1411455, 0.063965164, 0.9879202, 0.0], [-0.06743108, 0.0018204302, 0.006500189, 0.99999994]])
-0.06743108, 0.0018204302, 0.006500189
SIMD3<Float>(-0.06400886, 0.14191099, -1.5985816)
0.00000000
CMRotationMatrix(m11: 0.0, m12: 0.0, m13: 0.0, m21: 0.0, m22: 0.0, m23: 0.0, m31: 0.0, m32: 0.0, m33: 0.0)

32
8512.347189708
normal
simd_float4x4([[-0.010753457, -0.99785113, 0.06463358, 0.0], [0.99223447, -0.018658279, -0.122973755, 0.0], [0.12391544, 0.062809266, 0.9903029, 0.0], [-0.08301489, 0.0031166885, 0.00815136, 0.9999999]])
-0.08301489, 0.0031166885, 0.00815136
SIMD3<Float>(-0.06285064, 0.124481834, -1.5894926)
0.00000000
CMRotationMatrix(m11: 0.0, m12: 0.0, m13: 0.0, m21: 0.0, m22: 0.0, m23: 0.0, m31: 0.0, m32: 0.0, m33: 0.0)

33
8512.563831
normal
simd_float4x4([[-0.005100027, -0.9973475, 0.07260709, 0.0], [0.99427736, -0.012805435, -0.1060589, 0.0], [0.10670735, 0.071650684, 0.9917055, 0.0], [-0.100793585, 0.002519133, 0.007437826, 1.0]])
-0.100793585, 0.002519133, 0.007437826
SIMD3<Float>(-0.071712136, 0.10718745, -1.5836351)
0.00000000
CMRotationMatrix(m11: 0.0, m12: 0.0, m13: 0.0, m21: 0.0, m22: 0.0, m23: 0.0, m31: 0.0, m32: 0.0, m33: 0.0)

34
8512.780472291
normal
simd_float4x4([[-0.00040932142, -0.99706304, 0.076582834, 0.0], [0.99768454, -0.00561557, -0.067778945, 0.0], [0.06800994, 0.076377764, 0.9947568, 0.0], [-0.10779165, 0.0028397404, 0.011104721, 0.99999994]])
-0.10779165, 0.0028397404, 0.011104721
SIMD3<Float>(-0.07645222, 0.06826218, -1.5764284)
0.00000000
CMRotationMatrix(m11: 0.0, m12: 0.0, m13: 0.0, m21: 0.0, m22: 0.0, m23: 0.0, m31: 0.0, m32: 0.0, m33: 0.0)

35
8512.99711375
normal
simd_float4x4([[0.0051443693, -0.99685943, 0.079023935, 0.0], [0.9990756, 0.0017509002, -0.042951696, 0.0], [0.042678446, 0.07917183, 0.99594694, 0.0], [-0.11476944, 0.0019000098, 0.011245764, 0.99999994]])
-0.11476944, 0.0019000098, 0.011245764
SIMD3<Float>(-0.079254776, 0.042825926, -1.56904)
0.00000000
CMRotationMatrix(m11: 0.0, m12: 0.0, m13: 0.0, m21: 0.0, m22: 0.0, m23: 0.0, m31: 0.0, m32: 0.0, m33: 0.0)

36
8513.213754958
normal
simd_float4x4([[0.009955543, -0.99672544, 0.08024329, 0.0], [0.99983203, 0.0086877, -0.016133668, 0.0], [0.015383712, 0.08039043, 0.9966446, 0.0], [-0.12419186, 0.0010984689, 0.010153911, 0.99999994]])
-0.12419186, 0.0010984689, 0.010153911
SIMD3<Float>(-0.080477275, 0.015434278, -1.5620803)
0.00000000
CMRotationMatrix(m11: 0.0, m12: 0.0, m13: 0.0, m21: 0.0, m22: 0.0, m23: 0.0, m31: 0.0, m32: 0.0, m33: 0.0)

37
8513.430396458
normal
simd_float4x4([[0.009630059, -0.9969003, 0.07808274, 0.0], [0.99969226, 0.011383354, 0.022040399, 0.0], [-0.022860924, 0.07784645, 0.9967032, 0.0], [-0.13044903, 0.0010653276, 0.008951982, 0.9999999]])
-0.13044903, 0.0010653276, 0.008951982
SIMD3<Float>(-0.077925295, -0.02293252, -1.559378)
0.00000000
CMRotationMatrix(m11: 0.0, m12: 0.0, m13: 0.0, m21: 0.0, m22: 0.0, m23: 0.0, m31: 0.0, m32: 0.0, m33: 0.0)

38
8513.647037625
normal
simd_float4x4([[0.010647393, -0.9973315, 0.072226, 0.0], [0.9989101, 0.013891305, 0.044560783, 0.0], [-0.04544518, 0.07167282, 0.99639237, 0.0], [-0.13489679, 0.0003040582, 0.00984381, 0.99999994]])
-0.13489679, 0.0003040582, 0.00984381
SIMD3<Float>(-0.071734324, -0.045578137, -1.5568688)
0.00000000
CMRotationMatrix(m11: 0.0, m12: 0.0, m13: 0.0, m21: 0.0, m22: 0.0, m23: 0.0, m31: 0.0, m32: 0.0, m33: 0.0)

39
8513.863679
normal
simd_float4x4([[0.01156612, -0.9967704, 0.07946585, 0.0], [0.9975217, 0.017017515, 0.068269566, 0.0], [-0.069401406, 0.078479305, 0.994497, 0.0], [-0.13841502, -0.001850364, 0.010310623, 0.9999999]])
-0.13841502, -0.001850364, 0.010310623
SIMD3<Float>(-0.07856009, -0.06967248, -1.5537254)
0.00000000
CMRotationMatrix(m11: 0.0, m12: 0.0, m13: 0.0, m21: 0.0, m22: 0.0, m23: 0.0, m31: 0.0, m32: 0.0, m33: 0.0)

40
8514.080320375
normal
simd_float4x4([[0.011862654, -0.99662507, 0.08122627, 0.0], [0.99544024, 0.01945921, 0.09338083, 0.0], [-0.09464628, 0.079748146, 0.9923116, 0.0], [-0.13510144, -0.0017083734, 0.0122784795, 0.99999994]])
-0.13510144, -0.0017083734, 0.0122784795
SIMD3<Float>(-0.07983292, -0.09509194, -1.5512737)
0.00000000
CMRotationMatrix(m11: 0.0, m12: 0.0, m13: 0.0, m21: 0.0, m22: 0.0, m23: 0.0, m31: 0.0, m32: 0.0, m33: 0.0)

41
8514.296961666
normal
simd_float4x4([[0.008599803, -0.9962266, 0.08636224, 0.0], [0.9933545, 0.018423812, 0.113610305, 0.0], [-0.114772744, 0.08481129, 0.9897647, 0.0], [-0.13024561, -0.0019505583, 0.015005452, 0.99999994]])
-0.13024561, -0.0019505583, 0.015005452
SIMD3<Float>(-0.0849133, -0.11544403, -1.5523049)
0.00000000
CMRotationMatrix(m11: 0.0, m12: 0.0, m13: 0.0, m21: 0.0, m22: 0.0, m23: 0.0, m31: 0.0, m32: 0.0, m33: 0.0)

42
8514.513603166
normal
simd_float4x4([[0.0072884904, -0.9960339, 0.08867422, 0.0], [0.99312186, 0.017572807, 0.11575804, 0.0], [-0.11685719, 0.087220624, 0.9893113, 0.0], [-0.1273756, -0.0019151717, 0.017076887, 0.99999994]])
-0.1273756, -0.0019151717, 0.017076887
SIMD3<Float>(-0.08733159, -0.11757495, -1.5531554)
0.00000000
CMRotationMatrix(m11: 0.0, m12: 0.0, m13: 0.0, m21: 0.0, m22: 0.0, m23: 0.0, m31: 0.0, m32: 0.0, m33: 0.0)

43
8514.730244416
normal
simd_float4x4([[0.009939282, -0.99554706, 0.09373903, 0.0], [0.99118507, 0.022193883, 0.13061139, 0.0], [-0.13211024, 0.09161457, 0.98699206, 0.0], [-0.12358119, -0.0010026345, 0.0177416, 0.9999998]])
-0.12358119, -0.0010026345, 0.0177416
SIMD3<Float>(-0.09174321, -0.13306049, -1.5485069)
0.00000000
CMRotationMatrix(m11: 0.0, m12: 0.0, m13: 0.0, m21: 0.0, m22: 0.0, m23: 0.0, m31: 0.0, m32: 0.0, m33: 0.0)

44
8514.946885916
normal
simd_float4x4([[0.0076978845, -0.995978, 0.08926719, 0.0], [0.9874896, 0.02163156, 0.15619378, 0.0], [-0.15749654, 0.08694805, 0.98368436, 0.0], [-0.121398844, -0.0004799962, 0.016484056, 0.99999994]])
-0.121398844, -0.0004799962, 0.016484056
SIMD3<Float>(-0.08705798, -0.15876137, -1.5490808)
0.00000000
CMRotationMatrix(m11: 0.0, m12: 0.0, m13: 0.0, m21: 0.0, m22: 0.0, m23: 0.0, m31: 0.0, m32: 0.0, m33: 0.0)

45
8515.163527333
normal
simd_float4x4([[0.0024781618, -0.9958435, 0.09104643, 0.0], [0.98489827, 0.018192314, 0.1721755, 0.0], [-0.1731162, 0.08924479, 0.9808498, 0.0], [-0.12039691, -0.0008633932, 0.016486669, 1.0]])
-0.12039691, -0.0008633932, 0.016486669
SIMD3<Float>(-0.08936369, -0.17469698, -1.5525302)
0.00000000
CMRotationMatrix(m11: 0.0, m12: 0.0, m13: 0.0, m21: 0.0, m22: 0.0, m23: 0.0, m31: 0.0, m32: 0.0, m33: 0.0)

46
8515.380168666
normal
simd_float4x4([[-0.0059866197, -0.9965211, 0.08312385, 0.0], [0.9838634, 0.008995073, 0.17869477, 0.0], [-0.17882083, 0.0828523, 0.9803869, 0.0], [-0.12007013, -0.0001715297, 0.019276476, 0.9999998]])
-0.12007013, -0.0001715297, 0.019276476
SIMD3<Float>(-0.08294738, -0.18041493, -1.5617701)
0.00000000
CMRotationMatrix(m11: 0.0, m12: 0.0, m13: 0.0, m21: 0.0, m22: 0.0, m23: 0.0, m31: 0.0, m32: 0.0, m33: 0.0)

47
8515.596809958
normal
simd_float4x4([[-0.016386803, -0.9977066, 0.06567328, 0.0], [0.98197645, -0.0036898286, 0.18896711, 0.0], [-0.18829142, 0.067586176, 0.9797848, 0.0], [-0.118213095, 0.0006853479, 0.02146339, 0.9999999]])
-0.118213095, 0.0006853479, 0.02146339
SIMD3<Float>(-0.067637734, -0.18986158, -1.5744946)
0.00000000
CMRotationMatrix(m11: 0.0, m12: 0.0, m13: 0.0, m21: 0.0, m22: 0.0, m23: 0.0, m31: 0.0, m32: 0.0, m33: 0.0)

48
8515.813451416
normal
simd_float4x4([[-0.017818313, -0.99781966, 0.06354781, 0.0], [0.9796978, -0.004730374, 0.20042393, 0.0], [-0.19968633, 0.06582887, 0.97764605, 0.0], [-0.115692995, 0.00041044754, 0.022744145, 0.9999999]])
-0.115692995, 0.00041044754, 0.022744145
SIMD3<Float>(-0.065876506, -0.20148084, -1.575537)
0.00000000
CMRotationMatrix(m11: 0.0, m12: 0.0, m13: 0.0, m21: 0.0, m22: 0.0, m23: 0.0, m31: 0.0, m32: 0.0, m33: 0.0)

49
8516.030092916
normal
simd_float4x4([[-0.026157707, -0.998333, 0.051447097, 0.0], [0.97916996, -0.015221707, 0.20247029, 0.0], [-0.20134969, 0.05567162, 0.97793597, 0.0], [-0.11419882, 0.0010606697, 0.02591814, 0.9999998]])
-0.11419882, 0.0010606697, 0.02591814
SIMD3<Float>(-0.055700418, -0.20305496, -1.5860423)
0.00000000
CMRotationMatrix(m11: 0.0, m12: 0.0, m13: 0.0, m21: 0.0, m22: 0.0, m23: 0.0, m31: 0.0, m32: 0.0, m33: 0.0)

50
8516.246734375
normal
simd_float4x4([[-0.025966698, -0.9986366, 0.04528282, 0.0], [0.9796077, -0.016391639, 0.2002501, 0.0], [-0.19923484, 0.049559228, 0.9786977, 0.0], [-0.11511659, 0.001663701, 0.023375744, 0.9999998]])
-0.11511659, 0.001663701, 0.023375744
SIMD3<Float>(-0.04957954, -0.20082721, -1.5872089)
0.00000000
CMRotationMatrix(m11: 0.0, m12: 0.0, m13: 0.0, m21: 0.0, m22: 0.0, m23: 0.0, m31: 0.0, m32: 0.0, m33: 0.0)

51
8516.463375875
normal
simd_float4x4([[-0.023514934, -0.9989332, 0.039740216, 0.0], [0.9768422, -0.014502566, 0.21346852, 0.0], [-0.21266448, 0.04383962, 0.9761413, 0.0], [-0.11521775, -0.00019573541, 0.02386513, 0.9999999]])
-0.11521775, -0.00019573541, 0.02386513
SIMD3<Float>(-0.043853674, -0.21451049, -1.5853133)
0.00000000
CMRotationMatrix(m11: 0.0, m12: 0.0, m13: 0.0, m21: 0.0, m22: 0.0, m23: 0.0, m31: 0.0, m32: 0.0, m33: 0.0)

52
8516.680017416
normal
simd_float4x4([[-0.025832668, -0.9991262, 0.032851007, 0.0], [0.97522867, -0.017965866, 0.22046776, 0.0], [-0.21968497, 0.03773252, 0.97484076, 0.0], [-0.11594802, -3.3209668e-05, 0.02443782, 0.9999998]])
-0.11594802, -3.3209668e-05, 0.02443782
SIMD3<Float>(-0.03774148, -0.22165205, -1.588776)
0.00000000
CMRotationMatrix(m11: 0.0, m12: 0.0, m13: 0.0, m21: 0.0, m22: 0.0, m23: 0.0, m31: 0.0, m32: 0.0, m33: 0.0)

53
8516.89665875
normal
simd_float4x4([[-0.028221002, -0.9994001, 0.0200741, 0.0], [0.9766584, -0.023289792, 0.21353178, 0.0], [-0.21293616, 0.02563162, 0.97672987, 0.0], [-0.11580567, 0.00010181097, 0.024109744, 0.9999999]])
-0.11580567, 0.00010181097, 0.024109744
SIMD3<Float>(-0.025634427, -0.21465069, -1.5940958)
0.00000000
CMRotationMatrix(m11: 0.0, m12: 0.0, m13: 0.0, m21: 0.0, m22: 0.0, m23: 0.0, m31: 0.0, m32: 0.0, m33: 0.0)

54
8517.113300041
normal
simd_float4x4([[-0.024464048, -0.99969226, 0.0040993216, 0.0], [0.97753704, -0.023062808, 0.20949823, 0.0], [-0.20933922, 0.009132413, 0.9778004, 0.0], [-0.11544784, -0.00019126142, 0.024879485, 1.0]])
-0.11544784, -0.00019126142, 0.024879485
SIMD3<Float>(-0.00913254, -0.21090809, -1.5938622)
0.00000000
CMRotationMatrix(m11: 0.0, m12: 0.0, m13: 0.0, m21: 0.0, m22: 0.0, m23: 0.0, m31: 0.0, m32: 0.0, m33: 0.0)

55
8517.329941583
normal
simd_float4x4([[-0.025038946, -0.99968624, 0.00043430948, 0.0], [0.97838616, -0.02441624, 0.2053386, 0.0], [-0.2052636, 0.0055663856, 0.97869074, 0.0], [-0.114316836, -0.0002481142, 0.024250811, 0.9999998]])
-0.114316836, -0.0002481142, 0.024250811
SIMD3<Float>(-0.0055664144, -0.20673631, -1.5952153)
0.00000000
CMRotationMatrix(m11: 0.0, m12: 0.0, m13: 0.0, m21: 0.0, m22: 0.0, m23: 0.0, m31: 0.0, m32: 0.0, m33: 0.0)

56
8517.546583125
normal
simd_float4x4([[-0.024978468, -0.9995704, -0.015327829, 0.0], [0.97756726, -0.027630499, 0.20880315, 0.0], [-0.20913698, -0.009768402, 0.97783756, 0.0], [-0.11507677, 0.0010324866, 0.026995402, 0.99999994]])
-0.11507677, 0.0010324866, 0.026995402
SIMD3<Float>(0.009768558, -0.21070254, -1.5984317)
0.00000000
CMRotationMatrix(m11: 0.0, m12: 0.0, m13: 0.0, m21: 0.0, m22: 0.0, m23: 0.0, m31: 0.0, m32: 0.0, m33: 0.0)

57
8517.763224625
normal
simd_float4x4([[-0.029410161, -0.99935746, -0.020481795, 0.0], [0.97969115, -0.032885246, 0.19779737, 0.0], [-0.19834387, -0.014248578, 0.98002887, 0.0], [-0.11527533, 0.0014207836, 0.028389757, 0.9999999]])
-0.11527533, 0.0014207836, 0.028389757
SIMD3<Float>(0.01424906, -0.1996885, -1.6036909)
0.00000000
CMRotationMatrix(m11: 0.0, m12: 0.0, m13: 0.0, m21: 0.0, m22: 0.0, m23: 0.0, m31: 0.0, m32: 0.0, m33: 0.0)

58
8517.979866041
normal
simd_float4x4([[-0.029618097, -0.99946564, -0.013821574, 0.0], [0.98088604, -0.03172239, 0.19197962, 0.0], [-0.19231549, -0.007871319, 0.9813016, 0.0], [-0.11521668, 0.0010860674, 0.026503414, 0.99999994]])
-0.11521668, 0.0010860674, 0.026503414
SIMD3<Float>(0.0078714, -0.1935272, -1.602525)
0.00000000
CMRotationMatrix(m11: 0.0, m12: 0.0, m13: 0.0, m21: 0.0, m22: 0.0, m23: 0.0, m31: 0.0, m32: 0.0, m33: 0.0)
