ARKit Data

1
8722.32946625
normal
simd_float4x4([[-0.001225322, -0.99915004, -0.041203402, 0.0], [0.9998994, -0.0018066447, 0.014074334, 0.0], [-0.014136809, -0.04118201, 0.99905163, 0.0], [-0.00025510663, 0.00011743478, -0.00042817334, 0.99999994]])
-0.00025510663, 0.00011743478, -0.00042817334
SIMD3<Float>(0.04119366, -0.014149284, -1.5726045)
0.00000000
CMRotationMatrix(m11: 0.0, m12: 0.0, m13: 0.0, m21: 0.0, m22: 0.0, m23: 0.0, m31: 0.0, m32: 0.0, m33: 0.0)

2
8722.546107625
normal
simd_float4x4([[-0.013559282, -0.99934995, -0.033403218, 0.0], [0.9996102, -0.014362987, 0.023939412, 0.0], [-0.02440362, -0.033065602, 0.99915516, 0.0], [-0.0007145229, -0.00035794952, -0.0014038157, 0.99999994]])
-0.0007145229, -0.00035794952, -0.0014038157
SIMD3<Float>(0.03307163, -0.0244194, -1.5851676)
0.00000000
CMRotationMatrix(m11: 0.0, m12: 0.0, m13: 0.0, m21: 0.0, m22: 0.0, m23: 0.0, m31: 0.0, m32: 0.0, m33: 0.0)

3
8722.762748875
normal
simd_float4x4([[-0.0070700045, -0.9994089, -0.033642758, 0.0], [0.9997627, -0.0077577215, 0.020355344, 0.0], [-0.020604303, -0.033490866, 0.9992266, 0.0], [-0.0007998555, -0.00031319144, -0.0013014029, 0.9999999]])
-0.0007998555, -0.00031319144, -0.0013014029
SIMD3<Float>(0.03349713, -0.020617329, -1.5785584)
0.00000000
CMRotationMatrix(m11: 0.0, m12: 0.0, m13: 0.0, m21: 0.0, m22: 0.0, m23: 0.0, m31: 0.0, m32: 0.0, m33: 0.0)

4
8722.979390375
normal
simd_float4x4([[-0.0064606713, -0.9993616, -0.035136934, 0.0], [0.9998343, -0.007053859, 0.016784491, 0.0], [-0.017021626, -0.035022672, 0.99924153, 0.0], [-0.0016871993, -0.0004024431, -0.0025429053, 1.0]])
-0.0016871993, -0.0004024431, -0.0025429053
SIMD3<Float>(0.035029836, -0.017032899, -1.5778546)
0.00000000
CMRotationMatrix(m11: 0.0, m12: 0.0, m13: 0.0, m21: 0.0, m22: 0.0, m23: 0.0, m31: 0.0, m32: 0.0, m33: 0.0)

5
8723.196031875
normal
simd_float4x4([[-0.00932132, -0.9993057, -0.036070954, 0.0], [0.99975157, -0.010043559, 0.01989358, 0.0], [-0.020242048, -0.035876565, 0.9991512, 0.0], [-0.001675026, -2.0774767e-05, -0.0032605194, 0.9999999]])
-0.001675026, -2.0774767e-05, -0.0032605194
SIMD3<Float>(0.035884265, -0.020256475, -1.5808465)
0.00000000
CMRotationMatrix(m11: 0.0, m12: 0.0, m13: 0.0, m21: 0.0, m22: 0.0, m23: 0.0, m31: 0.0, m32: 0.0, m33: 0.0)

6
8723.412673208
normal
simd_float4x4([[-0.010719774, -0.99914545, -0.039917804, 0.0], [0.9997296, -0.011532664, 0.020189803, 0.0], [-0.02063291, -0.039690584, 0.998999, 0.0], [-0.0011837293, 0.0003293889, -0.0035412833, 0.99999994]])
-0.0011837293, 0.0003293889, -0.0035412833
SIMD3<Float>(0.03970101, -0.020650648, -1.5823383)
0.00000000
CMRotationMatrix(m11: 0.0, m12: 0.0, m13: 0.0, m21: 0.0, m22: 0.0, m23: 0.0, m31: 0.0, m32: 0.0, m33: 0.0)

7
8723.62931475
normal
simd_float4x4([[-0.0112193655, -0.99891895, -0.045111928, 0.0], [0.999786, -0.011990368, 0.01685675, 0.0], [-0.017379437, -0.044913154, 0.9988397, 0.0], [-0.002610037, 0.0005383752, -0.0023269465, 1.0]])
-0.002610037, 0.0005383752, -0.0023269465
SIMD3<Float>(0.044928268, -0.01739787, -1.5827991)
0.00000000
CMRotationMatrix(m11: 0.0, m12: 0.0, m13: 0.0, m21: 0.0, m22: 0.0, m23: 0.0, m31: 0.0, m32: 0.0, m33: 0.0)

8
8723.845956208
normal
simd_float4x4([[-0.011767189, -0.9987185, -0.04922235, 0.0], [0.99990004, -0.012138478, 0.007250994, 0.0], [-0.007839186, -0.049132105, 0.9987614, 0.0], [-0.0038107343, 0.00085704646, -0.0012518318, 0.99999994]])
-0.0038107343, 0.00085704646, -0.0012518318
SIMD3<Float>(0.049151894, -0.007848746, -1.5829498)
0.00000000
CMRotationMatrix(m11: 0.0, m12: 0.0, m13: 0.0, m21: 0.0, m22: 0.0, m23: 0.0, m31: 0.0, m32: 0.0, m33: 0.0)

9
8724.062597666
normal
simd_float4x4([[-0.017441435, -0.9985932, -0.050073702, 0.0], [0.9998216, -0.01705562, -0.008122, 0.0], [0.007256538, -0.050206423, 0.9987124, 0.0], [-0.0031060358, 0.00060177967, -0.0019463236, 1.0]])
-0.0031060358, 0.00060177967, -0.0019463236
SIMD3<Float>(0.050227538, 0.0072657657, -1.5878743)
0.00000000
CMRotationMatrix(m11: 0.0, m12: 0.0, m13: 0.0, m21: 0.0, m22: 0.0, m23: 0.0, m31: 0.0, m32: 0.0, m33: 0.0)

10
8724.27923925
normal
simd_float4x4([[-0.020357009, -0.9987508, -0.045632344, 0.0], [0.9995292, -0.019282304, -0.023869157, 0.0], [0.022959452, -0.04609676, 0.99867314, 0.0], [-0.0029025036, 0.00026200712, -0.0038700718, 1.0]])
-0.0029025036, 0.00026200712, -0.0038700718
SIMD3<Float>(0.0461131, 0.022985907, -1.5901004)
0.00000000
CMRotationMatrix(m11: 0.0, m12: 0.0, m13: 0.0, m21: 0.0, m22: 0.0, m23: 0.0, m31: 0.0, m32: 0.0, m33: 0.0)

11
8724.495880583
normal
simd_float4x4([[-0.021482991, -0.9989181, -0.041245203, 0.0], [0.9989824, -0.019811444, -0.04051677, 0.0], [0.039655812, -0.04207366, 0.9983272, 0.0], [-0.0032828704, -0.00050479174, -0.005273903, 1.0]])
-0.0032828704, -0.00050479174, -0.005273903
SIMD3<Float>(0.042086083, 0.039701387, -1.5906266)
0.00000000
CMRotationMatrix(m11: 0.0, m12: 0.0, m13: 0.0, m21: 0.0, m22: 0.0, m23: 0.0, m31: 0.0, m32: 0.0, m33: 0.0)

12
8724.712522125
normal
simd_float4x4([[-0.020564608, -0.99893665, -0.041263856, 0.0], [0.9982525, -0.018228518, -0.05621227, 0.0], [0.055400327, -0.04234773, 0.9975658, 0.0], [-0.0042404905, -0.00085640815, -0.006094708, 1.0000001]])
-0.0042404905, -0.00085640815, -0.006094708
SIMD3<Float>(0.042360395, 0.055478524, -1.5890422)
0.00000000
CMRotationMatrix(m11: 0.0, m12: 0.0, m13: 0.0, m21: 0.0, m22: 0.0, m23: 0.0, m31: 0.0, m32: 0.0, m33: 0.0)

13
8724.929163791
normal
simd_float4x4([[-0.021821087, -0.99908197, -0.036864918, 0.0], [0.9974624, -0.019256584, -0.06854235, 0.0], [0.06776953, -0.03826704, 0.9969668, 0.0], [-0.0047178306, -0.0009494114, -0.0072278483, 0.9999999]])
-0.0047178306, -0.0009494114, -0.0072278483
SIMD3<Float>(0.038276386, 0.0678713, -1.5900682)
0.00000000
CMRotationMatrix(m11: 0.0, m12: 0.0, m13: 0.0, m21: 0.0, m22: 0.0, m23: 0.0, m31: 0.0, m32: 0.0, m33: 0.0)

14
8725.14580525
normal
simd_float4x4([[-0.016622173, -0.99922985, -0.035541784, 0.0], [0.996369, -0.013585062, -0.08404808, 0.0], [0.08350053, -0.036809795, 0.99582756, 0.0], [-0.0046532066, -0.0008536491, -0.006507334, 0.9999999]])
-0.0046532066, -0.0008536491, -0.006507334
SIMD3<Float>(0.036818113, 0.0836547, -1.584391)
0.00000000
CMRotationMatrix(m11: 0.0, m12: 0.0, m13: 0.0, m21: 0.0, m22: 0.0, m23: 0.0, m31: 0.0, m32: 0.0, m33: 0.0)

15
8725.362446958
normal
simd_float4x4([[-0.011268456, -0.99951094, -0.029169708, 0.0], [0.99671924, -0.008889193, -0.08044783, 0.0], [0.08014919, -0.029980533, 0.9963319, 0.0], [-0.0027789718, -0.0017918758, -0.008069425, 1.0]])
-0.0027789718, -0.0017918758, -0.008069425
SIMD3<Float>(0.029985026, 0.080271415, -1.5796896)
0.00000000
CMRotationMatrix(m11: 0.0, m12: 0.0, m13: 0.0, m21: 0.0, m22: 0.0, m23: 0.0, m31: 0.0, m32: 0.0, m33: 0.0)

16
8725.579088625
normal
simd_float4x4([[-0.006833221, -0.99966383, -0.02500842, 0.0], [0.99798524, -0.0052399514, -0.06322928, 0.0], [0.063076966, -0.025390094, 0.9976857, 0.0], [0.0023719226, -0.0024380907, -0.0053777113, 1.0]])
0.0023719226, -0.0024380907, -0.0053777113
SIMD3<Float>(0.025392823, 0.063139245, -1.576038)
0.00000000
CMRotationMatrix(m11: 0.0, m12: 0.0, m13: 0.0, m21: 0.0, m22: 0.0, m23: 0.0, m31: 0.0, m32: 0.0, m33: 0.0)

17
8725.795730333
normal
simd_float4x4([[-0.0074527147, -0.9997928, -0.01893997, 0.0], [0.9990026, -0.0066102324, -0.044161513, 0.0], [0.044027165, -0.019250203, 0.99884486, 0.0], [0.009852839, -0.004321383, -0.0027501192, 0.99999994]])
0.009852839, -0.004321383, -0.0027501192
SIMD3<Float>(0.019251391, 0.04404957, -1.5774078)
0.00000000
CMRotationMatrix(m11: 0.0, m12: 0.0, m13: 0.0, m21: 0.0, m22: 0.0, m23: 0.0, m31: 0.0, m32: 0.0, m33: 0.0)

18
8726.012371875
normal
simd_float4x4([[-0.009710802, -0.9998515, -0.014233533, 0.0], [0.99957925, -0.009317148, -0.027466921, 0.0], [0.027330225, -0.014494272, 0.9995213, 0.0], [0.014197441, -0.0033691153, 0.0033848067, 1.0]])
0.014197441, -0.0033691153, 0.0033848067
SIMD3<Float>(0.0144947795, 0.027336502, -1.5801146)
0.00000000
CMRotationMatrix(m11: 0.0, m12: 0.0, m13: 0.0, m21: 0.0, m22: 0.0, m23: 0.0, m31: 0.0, m32: 0.0, m33: 0.0)

19
8726.229013416
normal
simd_float4x4([[-0.004684825, -0.9999649, -0.006948988, 0.0], [0.999988, -0.0046943547, 0.001355655, 0.0], [-0.0013882326, -0.0069425544, 0.999975, 0.0], [0.018311026, -0.003516037, 0.0005599442, 1.0]])
0.018311026, -0.003516037, 0.0005599442
SIMD3<Float>(0.0069426103, -0.0013882663, -1.5754908)
0.00000000
CMRotationMatrix(m11: 0.0, m12: 0.0, m13: 0.0, m21: 0.0, m22: 0.0, m23: 0.0, m31: 0.0, m32: 0.0, m33: 0.0)

20
8726.445654958
normal
simd_float4x4([[-0.0028034947, -0.999984, -0.0049048737, 0.0], [0.9994674, -0.0029614551, 0.03249953, 0.0], [-0.032513537, -0.0048111486, 0.9994597, 0.0], [0.024457127, -0.0030810994, 0.0008587664, 0.99999994]])
0.024457127, -0.0030810994, 0.0008587664
SIMD3<Float>(0.0048111673, -0.032519646, -1.5737578)
0.00000000
CMRotationMatrix(m11: 0.0, m12: 0.0, m13: 0.0, m21: 0.0, m22: 0.0, m23: 0.0, m31: 0.0, m32: 0.0, m33: 0.0)

21
8726.662296791
normal
simd_float4x4([[-0.0008071803, -0.9999935, -0.0035011652, 0.0], [0.9979508, -0.0010295255, 0.063976586, 0.0], [-0.063979775, -0.0034423503, 0.9979452, 0.0], [0.033373546, -0.003672801, 0.00074949674, 1.0]])
0.033373546, -0.003672801, 0.00074949674
SIMD3<Float>(0.003442357, -0.06402389, -1.5718259)
0.00000000
CMRotationMatrix(m11: 0.0, m12: 0.0, m13: 0.0, m21: 0.0, m22: 0.0, m23: 0.0, m31: 0.0, m32: 0.0, m33: 0.0)

22
8726.878938416
normal
simd_float4x4([[-0.001181632, -0.9999947, -0.0030009937, 0.0], [0.9960197, -0.0014443882, 0.08912107, 0.0], [-0.08912494, -0.0028837405, 0.99601626, 0.0], [0.043959387, -0.004932283, 0.0011055518, 0.9999999]])
0.043959387, -0.004932283, 0.0011055518
SIMD3<Float>(0.0028837444, -0.08924373, -1.5722407)
0.00000000
CMRotationMatrix(m11: 0.0, m12: 0.0, m13: 0.0, m21: 0.0, m22: 0.0, m23: 0.0, m31: 0.0, m32: 0.0, m33: 0.0)

23
8727.095580041
normal
simd_float4x4([[-0.0035691578, -0.9999714, -0.006672257, 0.0], [0.9950175, -0.0042161327, 0.09961214, 0.0], [-0.09963743, -0.00628348, 0.99500406, 0.0], [0.048772227, -0.0052394494, 0.0029627034, 1.0]])
0.048772227, -0.0052394494, 0.0029627034
SIMD3<Float>(0.0062835217, -0.099805, -1.5750126)
0.00000000
CMRotationMatrix(m11: 0.0, m12: 0.0, m13: 0.0, m21: 0.0, m22: 0.0, m23: 0.0, m31: 0.0, m32: 0.0, m33: 0.0)

24
8727.31222175
normal
simd_float4x4([[-0.0044157365, -0.9999552, -0.008369496, 0.0], [0.9932548, -0.005355614, 0.11582801, 0.0], [-0.115867645, -0.007801575, 0.993234, 0.0], [0.050639387, -0.00517021, 0.0041861827, 0.9999999]])
0.050639387, -0.00517021, 0.0041861827
SIMD3<Float>(0.0078016543, -0.11613204, -1.5761521)
0.00000000
CMRotationMatrix(m11: 0.0, m12: 0.0, m13: 0.0, m21: 0.0, m22: 0.0, m23: 0.0, m31: 0.0, m32: 0.0, m33: 0.0)

25
8727.528863541
normal
simd_float4x4([[-0.0060626045, -0.9999815, -0.00050403975, 0.0], [0.99070495, -0.00607486, 0.13589305, 0.0], [-0.1358936, 0.00032451111, 0.99072343, 0.0], [0.0474657, -0.0061790757, 0.0032884334, 1.0]])
0.0474657, -0.0061790757, 0.0032884334
SIMD3<Float>(-0.00032451111, -0.13631538, -1.5768713)
0.00000000
CMRotationMatrix(m11: 0.0, m12: 0.0, m13: 0.0, m21: 0.0, m22: 0.0, m23: 0.0, m31: 0.0, m32: 0.0, m33: 0.0)

26
8727.745505166
normal
simd_float4x4([[-0.008095243, -0.9998984, 0.011734196, 0.0], [0.9849431, -0.005946566, 0.17277645, 0.0], [-0.17268912, 0.0129561825, 0.9848912, 0.0], [-0.004311118, -0.0022402715, 0.0002421866, 0.99999994]])
-0.004311118, -0.0022402715, 0.0002421866
SIMD3<Float>(-0.012956545, -0.17357388, -1.5767435)
0.00000000
CMRotationMatrix(m11: 0.0, m12: 0.0, m13: 0.0, m21: 0.0, m22: 0.0, m23: 0.0, m31: 0.0, m32: 0.0, m33: 0.0)

27
8727.962147083
normal
simd_float4x4([[-0.008438079, -0.999705, 0.02277552, 0.0], [0.9839886, -0.0042460496, 0.17818144, 0.0], [-0.17803216, 0.023914356, 0.98373413, 0.0], [-0.005404516, -0.0039582253, 0.00056330627, 1.0]])
-0.005404516, -0.0039582253, 0.00056330627
SIMD3<Float>(-0.023916636, -0.17903805, -1.5750436)
0.00000000
CMRotationMatrix(m11: 0.0, m12: 0.0, m13: 0.0, m21: 0.0, m22: 0.0, m23: 0.0, m31: 0.0, m32: 0.0, m33: 0.0)

28
8728.178788583
normal
simd_float4x4([[-0.0073505836, -0.99904454, 0.043082118, 0.0], [0.9845092, 0.0003172791, 0.17533247, 0.0], [-0.17517859, 0.043703537, 0.98356616, 0.0], [-0.007338573, -0.0077190585, -0.0020608173, 1.0]])
-0.007338573, -0.0077190585, -0.0020608173
SIMD3<Float>(-0.043717463, -0.17625733, -1.5704788)
0.00000000
CMRotationMatrix(m11: 0.0, m12: 0.0, m13: 0.0, m21: 0.0, m22: 0.0, m23: 0.0, m31: 0.0, m32: 0.0, m33: 0.0)

29
8728.395430333
normal
simd_float4x4([[-0.012056507, -0.9984311, 0.05468083, 0.0], [0.98666304, -0.0030011819, 0.16274875, 0.0], [-0.1623293, 0.055913728, 0.98515123, 0.0], [-0.008747972, -0.009561215, -0.0028256343, 1.0]])
-0.008747972, -0.009561215, -0.0028256343
SIMD3<Float>(-0.055942904, -0.16330858, -1.5738022)
0.00000000
CMRotationMatrix(m11: 0.0, m12: 0.0, m13: 0.0, m21: 0.0, m22: 0.0, m23: 0.0, m31: 0.0, m32: 0.0, m33: 0.0)

30
8728.612071958
normal
simd_float4x4([[-0.016062848, -0.9977758, 0.06469362, 0.0], [0.987967, -0.005884106, 0.1545523, 0.0], [-0.15382789, 0.06639771, 0.9858642, 0.0], [-0.009697112, -0.010428573, -0.0018431728, 0.9999999]])
-0.009697112, -0.010428573, -0.0018431728
SIMD3<Float>(-0.066446595, -0.15478544, -1.5766935)
0.00000000
CMRotationMatrix(m11: 0.0, m12: 0.0, m13: 0.0, m21: 0.0, m22: 0.0, m23: 0.0, m31: 0.0, m32: 0.0, m33: 0.0)

31
8728.828713875
normal
simd_float4x4([[-0.01924579, -0.99739045, 0.06958507, 0.0], [0.98860216, -0.008589692, 0.15030742, 0.0], [-0.14931746, 0.07168472, 0.9861875, 0.0], [-0.009714401, -0.0121973585, -0.0032035941, 1.0]])
-0.009714401, -0.0121973585, -0.0032035941
SIMD3<Float>(-0.07174625, -0.15026745, -1.5794083)
0.00000000
CMRotationMatrix(m11: 0.0, m12: 0.0, m13: 0.0, m21: 0.0, m22: 0.0, m23: 0.0, m31: 0.0, m32: 0.0, m33: 0.0)

32
8729.045355583
normal
simd_float4x4([[-0.01674233, -0.99766266, 0.066248186, 0.0], [0.9891998, -0.006878075, 0.14641173, 0.0], [-0.14561386, 0.06798396, 0.98700297, 0.0], [-0.01013786, -0.012432495, -0.0036190243, 1.0]])
-0.01013786, -0.012432495, -0.0036190243
SIMD3<Float>(-0.06803644, -0.14647473, -1.5776904)
0.00000000
CMRotationMatrix(m11: 0.0, m12: 0.0, m13: 0.0, m21: 0.0, m22: 0.0, m23: 0.0, m31: 0.0, m32: 0.0, m33: 0.0)

33
8729.261997416
normal
simd_float4x4([[-0.01694052, -0.99829096, 0.05593058, 0.0], [0.9900033, -0.00891345, 0.14076295, 0.0], [-0.14002384, 0.05775605, 0.98846227, 0.0], [-0.008451617, -0.01137612, -0.00692371, 1.0]])
-0.008451617, -0.01137612, -0.00692371
SIMD3<Float>(-0.057788208, -0.14072195, -1.5797248)
0.00000000
CMRotationMatrix(m11: 0.0, m12: 0.0, m13: 0.0, m21: 0.0, m22: 0.0, m23: 0.0, m31: 0.0, m32: 0.0, m33: 0.0)

34
8729.478639166
normal
simd_float4x4([[-0.01804071, -0.9990897, 0.038655117, 0.0], [0.9906203, -0.012623611, 0.13605894, 0.0], [-0.13544713, 0.040747143, 0.9899463, 0.0], [-0.0076315887, -0.010936763, -0.008310175, 1.0]])
-0.0076315887, -0.010936763, -0.008310175
SIMD3<Float>(-0.040758427, -0.13597837, -1.5834308)
0.00000000
CMRotationMatrix(m11: 0.0, m12: 0.0, m13: 0.0, m21: 0.0, m22: 0.0, m23: 0.0, m31: 0.0, m32: 0.0, m33: 0.0)

35
8729.695281
normal
simd_float4x4([[-0.0191792, -0.9995545, 0.022865092, 0.0], [0.9920421, -0.016178787, 0.124862604, 0.0], [-0.12443704, 0.0250779, 0.9919105, 0.0], [-0.0076547563, -0.008604121, -0.008431562, 0.99999994]])
-0.0076547563, -0.008604121, -0.008431562
SIMD3<Float>(-0.02508053, -0.1247999, -1.5869809)
0.00000000
CMRotationMatrix(m11: 0.0, m12: 0.0, m13: 0.0, m21: 0.0, m22: 0.0, m23: 0.0, m31: 0.0, m32: 0.0, m33: 0.0)

36
8729.911922666
normal
simd_float4x4([[-0.017886437, -0.9997872, 0.010269766, 0.0], [0.99314004, -0.016578548, 0.115749255, 0.0], [-0.11555437, 0.012269658, 0.99322534, 0.0], [-0.008454921, -0.006173069, -0.009972434, 0.9999999]])
-0.008454921, -0.006173069, -0.009972434
SIMD3<Float>(-0.012269966, -0.11582185, -1.5873768)
0.00000000
CMRotationMatrix(m11: 0.0, m12: 0.0, m13: 0.0, m21: 0.0, m22: 0.0, m23: 0.0, m31: 0.0, m32: 0.0, m33: 0.0)

37
8730.128564458
normal
simd_float4x4([[-0.013502873, -0.999905, -0.0027674984, 0.0], [0.99370927, -0.01372683, 0.1111463, 0.0], [-0.11117372, -0.0012492945, 0.9938002, 0.0], [-0.010961598, -0.0056108013, -0.0062365653, 1.0]])
-0.010961598, -0.0056108013, -0.0062365653
SIMD3<Float>(0.0012492948, -0.1114041, -1.5845236)
0.00000000
CMRotationMatrix(m11: 0.0, m12: 0.0, m13: 0.0, m21: 0.0, m22: 0.0, m23: 0.0, m31: 0.0, m32: 0.0, m33: 0.0)

38
8730.34520625
normal
simd_float4x4([[-0.014011369, -0.9998275, -0.012189234, 0.0], [0.9950582, -0.015140897, 0.09813242, 0.0], [-0.098300055, -0.010754027, 0.99509877, 0.0], [-0.011907911, -0.005414605, -0.0056819343, 1.0]])
-0.011907911, -0.005414605, -0.0056819343
SIMD3<Float>(0.010754235, -0.098464765, -1.5859387)
0.00000000
CMRotationMatrix(m11: 0.0, m12: 0.0, m13: 0.0, m21: 0.0, m22: 0.0, m23: 0.0, m31: 0.0, m32: 0.0, m33: 0.0)

39
8730.561848
normal
simd_float4x4([[-0.01681388, -0.9996276, -0.021494163, 0.0], [0.9967717, -0.018446032, 0.078140534, 0.0], [-0.078507915, -0.020110926, 0.99671066, 0.0], [-0.013277823, -0.0046036206, -0.007537051, 1.0]])
-0.013277823, -0.0046036206, -0.007537051
SIMD3<Float>(0.020112282, -0.07860471, -1.5892471)
0.00000000
CMRotationMatrix(m11: 0.0, m12: 0.0, m13: 0.0, m21: 0.0, m22: 0.0, m23: 0.0, m31: 0.0, m32: 0.0, m33: 0.0)

40
8730.778489875
normal
simd_float4x4([[-0.01901566, -0.99937457, -0.029811636, 0.0], [0.99789244, -0.020820785, 0.06145861, 0.0], [-0.062040873, -0.02858013, 0.9976642, 0.0], [-0.015253368, -0.003106105, -0.0075286366, 0.9999999]])
-0.015253368, -0.003106105, -0.0075286366
SIMD3<Float>(0.028584022, -0.06210615, -1.5916271)
0.00000000
CMRotationMatrix(m11: 0.0, m12: 0.0, m13: 0.0, m21: 0.0, m22: 0.0, m23: 0.0, m31: 0.0, m32: 0.0, m33: 0.0)

41
8730.995131708
normal
simd_float4x4([[-0.020425495, -0.99907917, -0.037730396, 0.0], [0.99850476, -0.022298628, 0.04991041, 0.0], [-0.050705787, -0.03665454, 0.9980408, 0.0], [-0.015965749, -0.0026667193, -0.006364437, 1.0]])
-0.015965749, -0.0026667193, -0.006364437
SIMD3<Float>(0.036662754, -0.05076168, -1.5931118)
0.00000000
CMRotationMatrix(m11: 0.0, m12: 0.0, m13: 0.0, m21: 0.0, m22: 0.0, m23: 0.0, m31: 0.0, m32: 0.0, m33: 0.0)

42
8731.211773583
normal
simd_float4x4([[-0.020946434, -0.9988267, -0.043663338, 0.0], [0.9989734, -0.02266418, 0.039224178, 0.0], [-0.040167745, -0.042796902, 0.998276, 0.0], [-0.017463591, -0.00096800923, -0.0057377615, 1.0]])
-0.017463591, -0.00096800923, -0.0057377615
SIMD3<Float>(0.042809978, -0.04021542, -1.5934832)
0.00000000
CMRotationMatrix(m11: 0.0, m12: 0.0, m13: 0.0, m21: 0.0, m22: 0.0, m23: 0.0, m31: 0.0, m32: 0.0, m33: 0.0)

43
8731.428415583
normal
simd_float4x4([[-0.019651653, -0.9985989, -0.04913378, 0.0], [0.99939555, -0.02102942, 0.027683243, 0.0], [-0.028677711, -0.048560057, 0.99840856, 0.0], [-0.017870568, -0.0011201873, -0.0072204648, 1.0]])
-0.017870568, -0.0011201873, -0.0072204648
SIMD3<Float>(0.04857916, -0.028715529, -1.5918522)
0.00000000
CMRotationMatrix(m11: 0.0, m12: 0.0, m13: 0.0, m21: 0.0, m22: 0.0, m23: 0.0, m31: 0.0, m32: 0.0, m33: 0.0)

44
8731.64505725
normal
simd_float4x4([[-0.015814777, -0.99835235, -0.055158466, 0.0], [0.9997168, -0.016769264, 0.01688469, 0.0], [-0.017781837, -0.05487582, 0.9983348, 0.0], [-0.019165482, -0.0010513961, -0.0067730835, 1.0]])
-0.019165482, -0.0010513961, -0.0067730835
SIMD3<Float>(0.0549034, -0.017809613, -1.5875916)
0.00000000
CMRotationMatrix(m11: 0.0, m12: 0.0, m13: 0.0, m21: 0.0, m22: 0.0, m23: 0.0, m31: 0.0, m32: 0.0, m33: 0.0)

45
8731.861699166
normal
simd_float4x4([[-0.016751045, -0.9980907, -0.05945064, 0.0], [0.9998298, -0.017180577, 0.0067212177, 0.0], [-0.00772978, -0.059327938, 0.9982086, 0.0], [-0.021149978, 5.8449805e-05, -0.0071151424, 1.0]])
-0.021149978, 5.8449805e-05, -0.0071151424
SIMD3<Float>(0.059362795, -0.0077434974, -1.588008)
0.00000000
CMRotationMatrix(m11: 0.0, m12: 0.0, m13: 0.0, m21: 0.0, m22: 0.0, m23: 0.0, m31: 0.0, m32: 0.0, m33: 0.0)

46
8732.078340916
normal
simd_float4x4([[-0.018042436, -0.9978039, -0.06373236, 0.0], [0.9998364, -0.018089242, 0.00015742265, 0.0], [-0.0013099476, -0.063719094, 0.997967, 0.0], [-0.020867456, -0.00037889183, -0.006947026, 1.0]])
-0.020867456, -0.00037889183, -0.006947026
SIMD3<Float>(0.06376229, -0.0013126153, -1.5889235)
0.00000000
CMRotationMatrix(m11: 0.0, m12: 0.0, m13: 0.0, m21: 0.0, m22: 0.0, m23: 0.0, m31: 0.0, m32: 0.0, m33: 0.0)

47
8732.294983041
normal
simd_float4x4([[-0.018010765, -0.99809754, -0.058966156, 0.0], [0.9997871, -0.017384047, -0.011124301, 0.0], [0.010078068, -0.059153955, 0.9981981, 0.0], [-0.023037203, -0.0008160174, -0.0053265914, 1.0]])
-0.023037203, -0.0008160174, -0.0053265914
SIMD3<Float>(0.059188507, 0.010095918, -1.5882118)
0.00000000
CMRotationMatrix(m11: 0.0, m12: 0.0, m13: 0.0, m21: 0.0, m22: 0.0, m23: 0.0, m31: 0.0, m32: 0.0, m33: 0.0)

48
8732.511624875
normal
simd_float4x4([[-0.02042437, -0.9976891, -0.064800955, 0.0], [0.99950975, -0.018837424, -0.025006775, 0.0], [0.023728307, -0.06527994, 0.99758476, 0.0], [-0.02268796, -0.00025014335, -0.002381925, 0.99999994]])
-0.02268796, -0.00025014335, -0.002381925
SIMD3<Float>(0.06532639, 0.023781272, -1.5896752)
0.00000000
CMRotationMatrix(m11: 0.0, m12: 0.0, m13: 0.0, m21: 0.0, m22: 0.0, m23: 0.0, m31: 0.0, m32: 0.0, m33: 0.0)

49
8732.72826675
normal
simd_float4x4([[-0.023252502, -0.99682117, -0.07620262, 0.0], [0.9991739, -0.020630771, -0.03501326, 0.0], [0.033329844, -0.07695382, 0.99647737, 0.0], [-0.023657778, 0.0012596808, -0.00045746472, 1.0]])
-0.023657778, 0.0012596808, -0.00045746472
SIMD3<Float>(0.07702997, 0.033435203, -1.5914899)
0.00000000
CMRotationMatrix(m11: 0.0, m12: 0.0, m13: 0.0, m21: 0.0, m22: 0.0, m23: 0.0, m31: 0.0, m32: 0.0, m33: 0.0)

50
8732.944908666
normal
simd_float4x4([[-0.0237578, -0.99657685, -0.07918392, 0.0], [0.99868846, -0.020065412, -0.04710445, 0.0], [0.045354355, -0.08019916, 0.99574655, 0.0], [-0.02424057, 0.0011821277, 0.00058375346, 1.0]])
-0.02424057, 0.0011821277, 0.00058375346
SIMD3<Float>(0.080285385, 0.045516632, -1.590928)
0.00000000
CMRotationMatrix(m11: 0.0, m12: 0.0, m13: 0.0, m21: 0.0, m22: 0.0, m23: 0.0, m31: 0.0, m32: 0.0, m33: 0.0)

51
8733.16155075
normal
simd_float4x4([[-0.026469171, -0.99651486, -0.079103984, 0.0], [0.99750835, -0.021153035, -0.067302644, 0.0], [0.065394804, -0.08068833, 0.9945918, 0.0], [-0.025065921, 0.00078167394, 0.002136934, 1.0]])
-0.025065921, 0.00078167394, 0.002136934
SIMD3<Float>(0.08077614, 0.065655895, -1.5920202)
0.00000000
CMRotationMatrix(m11: 0.0, m12: 0.0, m13: 0.0, m21: 0.0, m22: 0.0, m23: 0.0, m31: 0.0, m32: 0.0, m33: 0.0)

52
8733.378192625
normal
simd_float4x4([[-0.028579963, -0.99644196, -0.07928697, 0.0], [0.99604124, -0.021709582, -0.08619937, 0.0], [0.0841714, -0.08143667, 0.9931178, 0.0], [-0.026207574, 0.0011443321, 0.002826515, 0.9999999]])
-0.026207574, 0.0011443321, 0.002826515
SIMD3<Float>(0.08152696, 0.08455263, -1.59258)
0.00000000
CMRotationMatrix(m11: 0.0, m12: 0.0, m13: 0.0, m21: 0.0, m22: 0.0, m23: 0.0, m31: 0.0, m32: 0.0, m33: 0.0)

53
8733.594834583
normal
simd_float4x4([[-0.029903652, -0.9966813, -0.07571124, 0.0], [0.99528134, -0.022695275, -0.09433985, 0.0], [0.092308484, -0.07817509, 0.992657, 0.0], [-0.026047423, 0.0011935817, 0.0021505961, 0.99999994]])
-0.026047423, 0.0011935817, 0.0021505961
SIMD3<Float>(0.07825494, 0.09272466, -1.5935632)
0.00000000
CMRotationMatrix(m11: 0.0, m12: 0.0, m13: 0.0, m21: 0.0, m22: 0.0, m23: 0.0, m31: 0.0, m32: 0.0, m33: 0.0)

54
8733.811476458
normal
simd_float4x4([[-0.028560016, -0.99727696, -0.06799279, 0.0], [0.99464244, -0.021592066, -0.101095036, 0.0], [0.099351645, -0.0705158, 0.9925506, 0.0], [-0.026780799, 0.001246661, 0.0022610934, 1.0]])
-0.026780799, 0.001246661, 0.0022610934
SIMD3<Float>(0.070574366, 0.099764995, -1.592444)
0.00000000
CMRotationMatrix(m11: 0.0, m12: 0.0, m13: 0.0, m21: 0.0, m22: 0.0, m23: 0.0, m31: 0.0, m32: 0.0, m33: 0.0)

55
8734.028118416
normal
simd_float4x4([[-0.027514948, -0.9978821, -0.05894308, 0.0], [0.99342227, -0.020740028, -0.1126147, 0.0], [0.111153714, -0.061653957, 0.99188894, 0.0], [-0.027788937, 0.00012120232, 0.0008840584, 1.0]])
-0.027788937, 0.00012120232, 0.0008840584
SIMD3<Float>(0.061693083, 0.11159707, -1.5915774)
0.00000000
CMRotationMatrix(m11: 0.0, m12: 0.0, m13: 0.0, m21: 0.0, m22: 0.0, m23: 0.0, m31: 0.0, m32: 0.0, m33: 0.0)

56
8734.244760375
normal
simd_float4x4([[-0.02538254, -0.9982021, -0.05429791, 0.0], [0.9926437, -0.01873472, -0.119613856, 0.0], [0.118381545, -0.05693458, 0.9913346, 0.0], [-0.028254785, -0.00051616505, 0.00085390406, 1.0]])
-0.028254785, -0.00051616505, 0.00085390406
SIMD3<Float>(0.056965385, 0.11885351, -1.5895625)
0.00000000
CMRotationMatrix(m11: 0.0, m12: 0.0, m13: 0.0, m21: 0.0, m22: 0.0, m23: 0.0, m31: 0.0, m32: 0.0, m33: 0.0)

57
8734.461402333
normal
simd_float4x4([[-0.023478229, -0.99847054, -0.05005346, 0.0], [0.9924126, -0.01723303, -0.12173818, 0.0], [0.12068942, -0.05253188, 0.99129933, 0.0], [-0.027705662, -0.00080730894, 0.0011461218, 0.99999994]])
-0.027705662, -0.00080730894, 0.0011461218
SIMD3<Float>(0.05255607, 0.12115246, -1.5880541)
0.00000000
CMRotationMatrix(m11: 0.0, m12: 0.0, m13: 0.0, m21: 0.0, m22: 0.0, m23: 0.0, m31: 0.0, m32: 0.0, m33: 0.0)

58
8734.678044333
normal
simd_float4x4([[-0.020705368, -0.99887496, -0.042663865, 0.0], [0.9924807, -0.015386295, -0.12143051, 0.0], [0.12063745, -0.044857327, 0.99168265, 0.0], [-0.02737563, -0.0005670488, 0.00045752665, 1.0]])
-0.02737563, -0.0005670488, 0.00045752665
SIMD3<Float>(0.044872385, 0.12105444, -1.5861987)
0.00000000
CMRotationMatrix(m11: 0.0, m12: 0.0, m13: 0.0, m21: 0.0, m22: 0.0, m23: 0.0, m31: 0.0, m32: 0.0, m33: 0.0)

59
8734.894686208
normal
simd_float4x4([[-0.018481115, -0.9991932, -0.035657234, 0.0], [0.9921777, -0.013924348, -0.12405441, 0.0], [0.12345783, -0.037670977, 0.9916345, 0.0], [-0.0275542, -0.0018188742, 0.00012948248, 1.0000001]])
-0.0275542, -0.0018188742, 0.00012948248
SIMD3<Float>(0.037679892, 0.123862, -1.584731)
0.00000000
CMRotationMatrix(m11: 0.0, m12: 0.0, m13: 0.0, m21: 0.0, m22: 0.0, m23: 0.0, m31: 0.0, m32: 0.0, m33: 0.0)

60
8735.111328291
normal
simd_float4x4([[-0.012955703, -0.9994691, -0.029892882, 0.0], [0.99312985, -0.009384957, -0.116640516, 0.0], [0.11629805, -0.031198675, 0.9927243, 0.0], [-0.028029991, -0.0029665765, 2.6155492e-05, 1.0000001]])
-0.028029991, -0.0029665765, 2.6155492e-05
SIMD3<Float>(0.031203737, 0.11661884, -1.580186)
0.00000000
CMRotationMatrix(m11: 0.0, m12: 0.0, m13: 0.0, m21: 0.0, m22: 0.0, m23: 0.0, m31: 0.0, m32: 0.0, m33: 0.0)

61
8735.327970166
normal
simd_float4x4([[-0.006829649, -0.9997615, -0.020742187, 0.0], [0.99372786, -0.004470228, -0.11173603, 0.0], [0.11161667, -0.02137521, 0.9935214, 0.0], [-0.027703589, -0.0044086515, 0.00014596793, 0.99999994]])
-0.027703589, -0.0044086515, 0.00014596793
SIMD3<Float>(0.021376837, 0.111875415, -1.5752676)
0.00000000
CMRotationMatrix(m11: 0.0, m12: 0.0, m13: 0.0, m21: 0.0, m22: 0.0, m23: 0.0, m31: 0.0, m32: 0.0, m33: 0.0)

62
8735.544612166
normal
simd_float4x4([[-0.0039211684, -0.99990505, -0.013212096, 0.0], [0.99372965, -0.002419912, -0.111783855, 0.0], [0.11174129, -0.013567574, 0.9936448, 0.0], [-0.027404597, -0.0059339902, 0.00016217434, 0.99999994]])
-0.027404597, -0.0059339902, 0.00016217434
SIMD3<Float>(0.013567991, 0.11198549, -1.5732164)
0.00000000
CMRotationMatrix(m11: 0.0, m12: 0.0, m13: 0.0, m21: 0.0, m22: 0.0, m23: 0.0, m31: 0.0, m32: 0.0, m33: 0.0)

63
8735.761254083
normal
simd_float4x4([[-0.0004931468, -0.9999999, 0.0003016252, 0.0], [0.9941412, -0.00052285957, -0.10808739, 0.0], [0.10808754, 0.0002465551, 0.99414134, 0.0], [-0.027276633, -0.008738615, 0.0017111148, 1.0]])
-0.027276633, -0.008738615, 0.0017111148
SIMD3<Float>(-0.0002465551, 0.10829912, -1.5713192)
0.00000000
CMRotationMatrix(m11: 0.0, m12: 0.0, m13: 0.0, m21: 0.0, m22: 0.0, m23: 0.0, m31: 0.0, m32: 0.0, m33: 0.0)

64
8735.977896166
normal
simd_float4x4([[0.0022495252, -0.99987686, 0.015532185, 0.0], [0.9945776, 0.000622131, -0.10399521, 0.0], [0.10397275, 0.015681906, 0.9944565, 0.0], [-0.02672654, -0.009226553, -0.0024390537, 1.0]])
-0.02672654, -0.009226553, -0.0024390537
SIMD3<Float>(-0.015682548, 0.104173854, -1.5701741)
0.00000000
CMRotationMatrix(m11: 0.0, m12: 0.0, m13: 0.0, m21: 0.0, m22: 0.0, m23: 0.0, m31: 0.0, m32: 0.0, m33: 0.0)

65
8736.194538291
normal
simd_float4x4([[0.0011658951, -0.9997808, 0.020903476, 0.0], [0.9945431, -0.001021385, -0.10432209, 0.0], [0.10432058, 0.020911032, 0.99432385, 0.0], [-0.025777211, -0.009609725, -0.0033107235, 1.0]])
-0.025777211, -0.009609725, -0.0033107235
SIMD3<Float>(-0.020912556, 0.10453367, -1.571818)
0.00000000
CMRotationMatrix(m11: 0.0, m12: 0.0, m13: 0.0, m21: 0.0, m22: 0.0, m23: 0.0, m31: 0.0, m32: 0.0, m33: 0.0)
