ARKit Data

1
8692.654946791
normal
simd_float4x4([[-0.02485682, -0.9988528, 0.040929876, 0.0], [0.9996546, -0.025184672, -0.0075139664, 0.0], [0.008536153, 0.040728968, 0.9991338, 0.0], [-0.0021650777, 0.0017987676, 0.0021297252, 1.0]])
-0.0021650777, 0.0017987676, 0.0021297252
SIMD3<Float>(-0.040740237, 0.008543345, -1.5960046)
0.00000000
CMRotationMatrix(m11: 0.0, m12: 0.0, m13: 0.0, m21: 0.0, m22: 0.0, m23: 0.0, m31: 0.0, m32: 0.0, m33: 0.0)

2
8692.871588083
normal
simd_float4x4([[-0.026121173, -0.9986618, 0.04463332, 0.0], [0.99965227, -0.026256036, -0.0024379047, 0.0], [0.0036065367, 0.04455412, 0.99900043, 0.0], [7.6273594e-05, 0.0012971858, 0.0010771648, 1.0000001]])
7.6273594e-05, 0.0012971858, 0.0010771648
SIMD3<Float>(-0.044568874, 0.0036101295, -1.5970815)
0.00000000
CMRotationMatrix(m11: 0.0, m12: 0.0, m13: 0.0, m21: 0.0, m22: 0.0, m23: 0.0, m31: 0.0, m32: 0.0, m33: 0.0)

3
8693.088229458
normal
simd_float4x4([[-0.022070274, -0.9990018, 0.038835194, 0.0], [0.9997548, -0.022124516, -0.0009674462, 0.0], [0.0018256903, 0.038804315, 0.9992451, 0.0], [0.0001606963, 0.0008914446, 0.0012520981, 0.9999999]])
0.0001606963, 0.0008914446, 0.0012520981
SIMD3<Float>(-0.03881406, 0.0018270675, -1.5929394)
0.00000000
CMRotationMatrix(m11: 0.0, m12: 0.0, m13: 0.0, m21: 0.0, m22: 0.0, m23: 0.0, m31: 0.0, m32: 0.0, m33: 0.0)

4
8693.304870708
normal
simd_float4x4([[-0.020026745, -0.9991344, 0.036458187, 0.0], [0.9997993, -0.019995889, 0.0012108523, 0.0], [-0.00048079045, 0.03647512, 0.9993344, 0.0], [-0.0014128565, -0.00083096075, 0.0012959796, 0.99999994]])
-0.0014128565, -0.00083096075, 0.0012959796
SIMD3<Float>(-0.03648321, -0.00048111065, -1.5908068)
0.00000000
CMRotationMatrix(m11: 0.0, m12: 0.0, m13: 0.0, m21: 0.0, m22: 0.0, m23: 0.0, m31: 0.0, m32: 0.0, m33: 0.0)

5
8693.521512041
normal
simd_float4x4([[-0.020447208, -0.99926186, 0.03252112, 0.0], [0.9997903, -0.020399662, 0.0017931217, 0.0], [-0.0011283781, 0.03255096, 0.9994694, 0.0], [-0.00071777124, -0.0006530173, 0.0012920136, 1.0]])
-0.00071777124, -0.0006530173, 0.0012920136
SIMD3<Float>(-0.032556713, -0.0011289767, -1.5912082)
0.00000000
CMRotationMatrix(m11: 0.0, m12: 0.0, m13: 0.0, m21: 0.0, m22: 0.0, m23: 0.0, m31: 0.0, m32: 0.0, m33: 0.0)

6
8693.738153291
normal
simd_float4x4([[-0.021816317, -0.99925655, 0.031786125, 0.0], [0.9997619, -0.02179213, 0.0011072545, 0.0], [-0.00041374404, 0.03180271, 0.999494, 0.0], [-0.00073688064, -0.0009757628, 0.0019183126, 0.99999994]])
-0.00073688064, -0.0009757628, 0.0019183126
SIMD3<Float>(-0.031808075, -0.00041395347, -1.5926012)
0.00000000
CMRotationMatrix(m11: 0.0, m12: 0.0, m13: 0.0, m21: 0.0, m22: 0.0, m23: 0.0, m31: 0.0, m32: 0.0, m33: 0.0)

7
8693.954794666
normal
simd_float4x4([[-0.02098598, -0.9992502, 0.032536693, 0.0], [0.99974877, -0.020718021, 0.00855102, 0.0], [-0.007870513, 0.03270797, 0.99943393, 0.0], [-0.0005224431, -0.0011250786, 0.00012235623, 1.0]])
-0.0005224431, -0.0011250786, 0.00012235623
SIMD3<Float>(-0.032713804, -0.007874808, -1.5915269)
0.00000000
CMRotationMatrix(m11: 0.0, m12: 0.0, m13: 0.0, m21: 0.0, m22: 0.0, m23: 0.0, m31: 0.0, m32: 0.0, m33: 0.0)

8
8694.171436125
normal
simd_float4x4([[-0.019515863, -0.9993703, 0.029634325, 0.0], [0.99971986, -0.019108359, 0.013972582, 0.0], [-0.0133975195, 0.029898707, 0.99946314, 0.0], [-0.0008702455, -0.0006199479, 0.00095564965, 1.0]])
-0.0008702455, -0.0006199479, 0.00095564965
SIMD3<Float>(-0.029903162, -0.013403913, -1.5899144)
0.00000000
CMRotationMatrix(m11: 0.0, m12: 0.0, m13: 0.0, m21: 0.0, m22: 0.0, m23: 0.0, m31: 0.0, m32: 0.0, m33: 0.0)

9
8694.388077458
normal
simd_float4x4([[-0.017045645, -0.9994196, 0.029492972, 0.0], [0.9996006, -0.016368834, 0.023039438, 0.0], [-0.022543302, 0.029873913, 0.99929947, 0.0], [-0.0015423852, -0.00084973127, 0.00020368118, 1.0]])
-0.0015423852, -0.00084973127, 0.00020368118
SIMD3<Float>(-0.02987836, -0.022555279, -1.5871732)
0.00000000
CMRotationMatrix(m11: 0.0, m12: 0.0, m13: 0.0, m21: 0.0, m22: 0.0, m23: 0.0, m31: 0.0, m32: 0.0, m33: 0.0)

10
8694.604718833
normal
simd_float4x4([[-0.0146857565, -0.99951345, 0.027518265, 0.0], [0.9992703, -0.013700541, 0.035654973, 0.0], [-0.035260603, 0.028021805, 0.99898523, 0.0], [-0.0008699264, -0.00038962564, 0.0018533467, 1.0000001]])
-0.0008699264, -0.00038962564, 0.0018533467
SIMD3<Float>(-0.028025474, -0.035281774, -1.5845027)
0.00000000
CMRotationMatrix(m11: 0.0, m12: 0.0, m13: 0.0, m21: 0.0, m22: 0.0, m23: 0.0, m31: 0.0, m32: 0.0, m33: 0.0)

11
8694.82136025
normal
simd_float4x4([[-0.019621, -0.9996954, 0.01496954, 0.0], [0.9983561, -0.01878385, 0.054151103, 0.0], [-0.053853415, 0.016007429, 0.9984205, 0.0], [0.00030126842, -0.00077167526, 0.004224078, 1.0]])
0.00030126842, -0.00077167526, 0.004224078
SIMD3<Float>(-0.016008113, -0.053886395, -1.5895836)
0.00000000
CMRotationMatrix(m11: 0.0, m12: 0.0, m13: 0.0, m21: 0.0, m22: 0.0, m23: 0.0, m31: 0.0, m32: 0.0, m33: 0.0)

12
8695.038001583
normal
simd_float4x4([[-0.02161889, -0.9996502, 0.015230274, 0.0], [0.9976803, -0.020587735, 0.06488422, 0.0], [-0.06454797, 0.016597671, 0.9977765, 0.0], [0.0008155074, -0.0017386215, 0.006019594, 0.9999999]])
0.0008155074, -0.0017386215, 0.006019594
SIMD3<Float>(-0.016598433, -0.064601794, -1.5913883)
0.00000000
CMRotationMatrix(m11: 0.0, m12: 0.0, m13: 0.0, m21: 0.0, m22: 0.0, m23: 0.0, m31: 0.0, m32: 0.0, m33: 0.0)

13
8695.254642916
normal
simd_float4x4([[-0.015959408, -0.9998579, 0.0054289782, 0.0], [0.9970549, -0.015506851, 0.0751076, 0.0], [-0.07501274, 0.0066116625, 0.9971607, 0.0], [0.0024895747, -0.0029344782, 0.0060309945, 1.0]])
0.0024895747, -0.0029344782, 0.0060309945
SIMD3<Float>(-0.0066117104, -0.07508492, -1.5863042)
0.00000000
CMRotationMatrix(m11: 0.0, m12: 0.0, m13: 0.0, m21: 0.0, m22: 0.0, m23: 0.0, m31: 0.0, m32: 0.0, m33: 0.0)

14
8695.471284458
normal
simd_float4x4([[-0.004359164, -0.99995047, 0.008945844, 0.0], [0.9955238, -0.0034949174, 0.094446845, 0.0], [-0.094410904, 0.009317509, 0.9954897, 0.0], [0.0025205337, -0.0026698373, 0.006478871, 1.0]])
0.0025205337, -0.0026698373, 0.006478871
SIMD3<Float>(-0.009317644, -0.09455584, -1.5742913)
0.00000000
CMRotationMatrix(m11: 0.0, m12: 0.0, m13: 0.0, m21: 0.0, m22: 0.0, m23: 0.0, m31: 0.0, m32: 0.0, m33: 0.0)

15
8695.687925875
normal
simd_float4x4([[0.0046907677, -0.99986464, 0.015770165, 0.0], [0.9938643, 0.00640421, 0.11042096, 0.0], [-0.11050701, 0.015155445, 0.9937598, 0.0], [0.0025492865, -0.0021580942, 0.005910565, 1.0]])
0.0025492865, -0.0021580942, 0.005910565
SIMD3<Float>(-0.015156025, -0.110745944, -1.5643914)
0.00000000
CMRotationMatrix(m11: 0.0, m12: 0.0, m13: 0.0, m21: 0.0, m22: 0.0, m23: 0.0, m31: 0.0, m32: 0.0, m33: 0.0)

16
8695.904567375
normal
simd_float4x4([[0.0076931324, -0.9994603, 0.03193493, 0.0], [0.9925071, 0.011526311, 0.121641114, 0.0], [-0.12194356, 0.030759845, 0.9920602, 0.0], [0.0037201506, -0.0033642042, 0.0037466502, 0.9999999]])
0.0037201506, -0.0033642042, 0.0037466502
SIMD3<Float>(-0.030764697, -0.122306004, -1.5592643)
0.00000000
CMRotationMatrix(m11: 0.0, m12: 0.0, m13: 0.0, m21: 0.0, m22: 0.0, m23: 0.0, m31: 0.0, m32: 0.0, m33: 0.0)

17
8696.121208833
normal
simd_float4x4([[0.0021236253, -0.9982892, 0.058429193, 0.0], [0.9918035, 0.009567258, 0.12741359, 0.0], [-0.12775461, 0.0576797, 0.99012715, 0.0], [0.0049980045, -0.006662369, 0.0011120299, 1.0]])
0.0049980045, -0.006662369, 0.0011120299
SIMD3<Float>(-0.05771173, -0.12831953, -1.561213)
0.00000000
CMRotationMatrix(m11: 0.0, m12: 0.0, m13: 0.0, m21: 0.0, m22: 0.0, m23: 0.0, m31: 0.0, m32: 0.0, m33: 0.0)

18
8696.337850291
normal
simd_float4x4([[0.0036194487, -0.9980455, 0.062385634, 0.0], [0.991803, 0.011551107, 0.12725285, 0.0], [-0.12772475, 0.061413676, 0.9899064, 0.0], [0.006278721, -0.008446644, -3.4975757e-05, 0.9999999]])
0.006278721, -0.008446644, -3.4975757e-05
SIMD3<Float>(-0.061452348, -0.12831816, -1.559223)
0.00000000
CMRotationMatrix(m11: 0.0, m12: 0.0, m13: 0.0, m21: 0.0, m22: 0.0, m23: 0.0, m31: 0.0, m32: 0.0, m33: 0.0)

19
8696.55449175
normal
simd_float4x4([[0.00499369, -0.9981482, 0.06062373, 0.0], [0.9928326, 0.0121880295, 0.11889011, 0.0], [-0.11940882, 0.059595518, 0.991055, 0.0], [0.0049362057, -0.008430935, 0.0009247996, 1.0]])
0.0049362057, -0.008430935, 0.0009247996
SIMD3<Float>(-0.059630852, -0.119908564, -1.5585862)
0.00000000
CMRotationMatrix(m11: 0.0, m12: 0.0, m13: 0.0, m21: 0.0, m22: 0.0, m23: 0.0, m31: 0.0, m32: 0.0, m33: 0.0)

20
8696.77113325
normal
simd_float4x4([[0.002932673, -0.998401, 0.056451168, 0.0], [0.9949397, 0.008582693, 0.10010665, 0.0], [-0.100431085, 0.05587193, 0.993374, 0.0], [0.0043624006, -0.0077755875, -0.0005472721, 0.99999994]])
0.0043624006, -0.0077755875, -0.0005472721
SIMD3<Float>(-0.05590104, -0.10075861, -1.5622001)
0.00000000
CMRotationMatrix(m11: 0.0, m12: 0.0, m13: 0.0, m21: 0.0, m22: 0.0, m23: 0.0, m31: 0.0, m32: 0.0, m33: 0.0)

21
8696.987774791
normal
simd_float4x4([[-0.0012172107, -0.9985341, 0.05411338, 0.0], [0.99656725, 0.003268212, 0.08272361, 0.0], [-0.0827792, 0.054028306, 0.9951023, 0.0], [0.0036939285, -0.0074682534, -0.0019074762, 1.0]])
0.0036939285, -0.0074682534, -0.0019074762
SIMD3<Float>(-0.054054625, -0.082995534, -1.5675234)
0.00000000
CMRotationMatrix(m11: 0.0, m12: 0.0, m13: 0.0, m21: 0.0, m22: 0.0, m23: 0.0, m31: 0.0, m32: 0.0, m33: 0.0)

22
8697.204416291
normal
simd_float4x4([[-0.004909089, -0.9989411, 0.045745283, 0.0], [0.997741, -0.0018279625, 0.06715386, 0.0], [-0.06699914, 0.045971602, 0.99669343, 0.0], [0.0036888716, -0.0077324486, -0.0032546013, 1.0000001]])
0.0036888716, -0.0077324486, -0.0032546013
SIMD3<Float>(-0.04598781, -0.06712043, -1.5726262)
0.00000000
CMRotationMatrix(m11: 0.0, m12: 0.0, m13: 0.0, m21: 0.0, m22: 0.0, m23: 0.0, m31: 0.0, m32: 0.0, m33: 0.0)

23
8697.421057833
normal
simd_float4x4([[-0.0075604483, -0.9991714, 0.03999365, 0.0], [0.9987119, -0.0055381516, 0.05043667, 0.0], [-0.050173383, 0.040323466, 0.9979261, 0.0], [0.0023800177, -0.007857617, -0.0033555003, 1.0]])
0.0023800177, -0.007857617, -0.0033555003
SIMD3<Float>(-0.0403344, -0.050235353, -1.576339)
0.00000000
CMRotationMatrix(m11: 0.0, m12: 0.0, m13: 0.0, m21: 0.0, m22: 0.0, m23: 0.0, m31: 0.0, m32: 0.0, m33: 0.0)

24
8697.637699416
normal
simd_float4x4([[-0.007630161, -0.99932396, 0.035962887, 0.0], [0.99941826, -0.006425564, 0.033492923, 0.0], [-0.033239193, 0.03619752, 0.9987917, 0.0], [0.0010621417, -0.00793298, -0.002735156, 1.0]])
0.0010621417, -0.00793298, -0.002735156
SIMD3<Float>(-0.03620543, -0.033267125, -1.5772262)
0.00000000
CMRotationMatrix(m11: 0.0, m12: 0.0, m13: 0.0, m21: 0.0, m22: 0.0, m23: 0.0, m31: 0.0, m32: 0.0, m33: 0.0)

25
8697.854341166
normal
simd_float4x4([[-0.008677499, -0.9993169, 0.035924036, 0.0], [0.9998347, -0.008096765, 0.016279664, 0.0], [-0.015977675, 0.03605936, 0.9992219, 0.0], [0.00057291484, -0.008097687, -0.0022754841, 1.0000001]])
0.00057291484, -0.008097687, -0.0022754841
SIMD3<Float>(-0.03606718, -0.015988754, -1.5788984)
0.00000000
CMRotationMatrix(m11: 0.0, m12: 0.0, m13: 0.0, m21: 0.0, m22: 0.0, m23: 0.0, m31: 0.0, m32: 0.0, m33: 0.0)

26
8698.070982666
normal
simd_float4x4([[-0.009084064, -0.9994466, 0.031998925, 0.0], [0.99995565, -0.009159389, -0.002208202, 0.0], [0.0025000703, 0.031977445, 0.99948543, 0.0], [-0.00048024487, -0.0072820038, -0.0014266716, 1.0]])
-0.00048024487, -0.0072820038, -0.0014266716
SIMD3<Float>(-0.0319829, 0.0025013522, -1.5799606)
0.00000000
CMRotationMatrix(m11: 0.0, m12: 0.0, m13: 0.0, m21: 0.0, m22: 0.0, m23: 0.0, m31: 0.0, m32: 0.0, m33: 0.0)

27
8698.287624416
normal
simd_float4x4([[-0.013491349, -0.99935716, 0.03321511, 0.0], [0.99975044, -0.014073223, -0.01734728, 0.0], [0.01780357, 0.03297278, 0.9992977, 0.0], [-0.0016269754, -0.008588102, -0.0020490265, 1.0]])
-0.0016269754, -0.008588102, -0.0020490265
SIMD3<Float>(-0.03297876, 0.017814199, -1.5848777)
0.00000000
CMRotationMatrix(m11: 0.0, m12: 0.0, m13: 0.0, m21: 0.0, m22: 0.0, m23: 0.0, m31: 0.0, m32: 0.0, m33: 0.0)

28
8698.504266041
normal
simd_float4x4([[-0.015902814, -0.99932045, 0.033252165, 0.0], [0.99926, -0.017049111, -0.034478344, 0.0], [0.03502183, 0.032679256, 0.9988521, 0.0], [-0.0025510872, -0.007928435, -0.0024991394, 1.0]])
-0.0025510872, -0.007928435, -0.0024991394
SIMD3<Float>(-0.032685075, 0.03504772, -1.5878553)
0.00000000
CMRotationMatrix(m11: 0.0, m12: 0.0, m13: 0.0, m21: 0.0, m22: 0.0, m23: 0.0, m31: 0.0, m32: 0.0, m33: 0.0)

29
8698.720907541
normal
simd_float4x4([[-0.024300886, -0.99921566, 0.031267174, 0.0], [0.997976, -0.02608551, -0.05799534, 0.0], [0.05876547, 0.02979455, 0.9978271, 0.0], [-0.005172421, -0.008228362, -0.002291651, 1.0]])
-0.005172421, -0.008228362, -0.002291651
SIMD3<Float>(-0.02979896, 0.058825493, -1.5968964)
0.00000000
CMRotationMatrix(m11: 0.0, m12: 0.0, m13: 0.0, m21: 0.0, m22: 0.0, m23: 0.0, m31: 0.0, m32: 0.0, m33: 0.0)

30
8698.93754925
normal
simd_float4x4([[-0.028294103, -0.9992527, 0.026336826, 0.0], [0.99580127, -0.030471502, -0.08632112, 0.0], [0.087059125, 0.023783866, 0.99591917, 0.0], [-0.0064851674, -0.007813066, -0.0024814545, 1.0]])
-0.0064851674, -0.007813066, -0.0024814545
SIMD3<Float>(-0.023786109, 0.087194204, -1.6012812)
0.00000000
CMRotationMatrix(m11: 0.0, m12: 0.0, m13: 0.0, m21: 0.0, m22: 0.0, m23: 0.0, m31: 0.0, m32: 0.0, m33: 0.0)

31
8699.154191
normal
simd_float4x4([[-0.029826738, -0.9992535, 0.024551751, 0.0], [0.9937552, -0.032286923, -0.106808856, 0.0], [0.107521825, 0.021212671, 0.9939764, 0.0], [-0.006407149, -0.007841129, -0.003964678, 1.0]])
-0.006407149, -0.007841129, -0.003964678
SIMD3<Float>(-0.021214262, 0.107754424, -1.6030961)
0.00000000
CMRotationMatrix(m11: 0.0, m12: 0.0, m13: 0.0, m21: 0.0, m22: 0.0, m23: 0.0, m31: 0.0, m32: 0.0, m33: 0.0)

32
8699.370832666
normal
simd_float4x4([[-0.031700447, -0.999236, 0.022860577, 0.0], [0.9909946, -0.034399588, -0.12940736, 0.0], [0.13009489, 0.01855244, 0.99132794, 0.0], [-0.0068367384, -0.008757272, -0.0052699787, 0.99999994]])
-0.0068367384, -0.008757272, -0.0052699787
SIMD3<Float>(-0.018553503, 0.13048726, -1.6052086)
0.00000000
CMRotationMatrix(m11: 0.0, m12: 0.0, m13: 0.0, m21: 0.0, m22: 0.0, m23: 0.0, m31: 0.0, m32: 0.0, m33: 0.0)

33
8699.587474333
normal
simd_float4x4([[-0.029540798, -0.9993578, 0.020282263, 0.0], [0.9881402, -0.032256097, -0.15012759, 0.0], [0.15068538, 0.015606835, 0.9884586, 0.0], [-0.0074723945, -0.008463055, -0.004113326, 1.0]])
-0.0074723945, -0.008463055, -0.004113326
SIMD3<Float>(-0.015607468, 0.1512801, -1.6030619)
0.00000000
CMRotationMatrix(m11: 0.0, m12: 0.0, m13: 0.0, m21: 0.0, m22: 0.0, m23: 0.0, m31: 0.0, m32: 0.0, m33: 0.0)

34
8699.804116083
normal
simd_float4x4([[-0.025516255, -0.999482, 0.019608306, 0.0], [0.9858274, -0.028411353, -0.1653388, 0.0], [0.16581026, 0.015111581, 0.9860417, 0.0], [-0.006607233, -0.007956363, -0.0045791133, 0.9999998]])
-0.006607233, -0.007956363, -0.0045791133
SIMD3<Float>(-0.015112157, 0.16659881, -1.5992148)
0.00000000
CMRotationMatrix(m11: 0.0, m12: 0.0, m13: 0.0, m21: 0.0, m22: 0.0, m23: 0.0, m31: 0.0, m32: 0.0, m33: 0.0)

35
8700.020757791
normal
simd_float4x4([[-0.02042336, -0.9997289, 0.011180131, 0.0], [0.9842173, -0.022070043, -0.1755824, 0.0], [0.17578155, 0.007417695, 0.98440117, 0.0], [-0.0067300643, -0.0071750097, -0.0065030684, 1.0]])
-0.0067300643, -0.0071750097, -0.0065030684
SIMD3<Float>(-0.007417763, 0.17670456, -1.5928688)
0.00000000
CMRotationMatrix(m11: 0.0, m12: 0.0, m13: 0.0, m21: 0.0, m22: 0.0, m23: 0.0, m31: 0.0, m32: 0.0, m33: 0.0)

36
8700.237399541
normal
simd_float4x4([[-0.025922852, -0.9996195, -0.009428989, 0.0], [0.9799077, -0.02354348, -0.19805731, 0.0], [0.19775993, -0.014373749, 0.9801451, 0.0], [-0.005719726, -0.006572403, -0.008023461, 1.0]])
-0.005719726, -0.006572403, -0.008023461
SIMD3<Float>(0.014374243, 0.19909303, -1.5943444)
0.00000000
CMRotationMatrix(m11: 0.0, m12: 0.0, m13: 0.0, m21: 0.0, m22: 0.0, m23: 0.0, m31: 0.0, m32: 0.0, m33: 0.0)

37
8700.454041166
normal
simd_float4x4([[-0.025916342, -0.9993399, -0.025458498, 0.0], [0.9794793, -0.020292977, -0.20052008, 0.0], [0.19987108, -0.030132823, 0.97935873, 0.0], [-0.005607067, -0.0061305054, -0.010538608, 1.0]])
-0.005607067, -0.0061305054, -0.010538608
SIMD3<Float>(0.030137384, 0.20131902, -1.5911)
0.00000000
CMRotationMatrix(m11: 0.0, m12: 0.0, m13: 0.0, m21: 0.0, m22: 0.0, m23: 0.0, m31: 0.0, m32: 0.0, m33: 0.0)

38
8700.670682958
normal
simd_float4x4([[-0.03246879, -0.9979236, -0.05562687, 0.0], [0.9805766, -0.021034244, -0.19500582, 0.0], [0.19343081, -0.06087801, 0.9792234, 0.0], [-0.005495079, -0.0044020466, -0.0088204, 1.0000001]])
-0.005495079, -0.0044020466, -0.0088204
SIMD3<Float>(0.060915675, 0.19502418, -1.5918713)
0.00000000
CMRotationMatrix(m11: 0.0, m12: 0.0, m13: 0.0, m21: 0.0, m22: 0.0, m23: 0.0, m31: 0.0, m32: 0.0, m33: 0.0)

39
8700.887324791
normal
simd_float4x4([[-0.041458793, -0.99514824, -0.08922422, 0.0], [0.9805503, -0.023378728, -0.19487008, 0.0], [0.19183867, -0.09556791, 0.97676224, 0.0], [-0.00586739, 0.0019786097, -0.011111802, 1.0]])
-0.00586739, 0.0019786097, -0.011111802
SIMD3<Float>(0.09571399, 0.19393417, -1.5942848)
0.00000000
CMRotationMatrix(m11: 0.0, m12: 0.0, m13: 0.0, m21: 0.0, m22: 0.0, m23: 0.0, m31: 0.0, m32: 0.0, m33: 0.0)

40
8701.103966625
normal
simd_float4x4([[-0.052130297, -0.99445003, -0.09138689, 0.0], [0.97800565, -0.032332256, -0.20605706, 0.0], [0.2019587, -0.10011871, 0.9742633, 0.0], [-0.008569101, 0.0010041632, -0.016137332, 1.0]])
-0.008569101, 0.0010041632, -0.016137332
SIMD3<Float>(0.10028673, 0.20439886, -1.6032976)
0.00000000
CMRotationMatrix(m11: 0.0, m12: 0.0, m13: 0.0, m21: 0.0, m22: 0.0, m23: 0.0, m31: 0.0, m32: 0.0, m33: 0.0)

41
8701.320608458
normal
simd_float4x4([[-0.058274984, -0.99388695, -0.09377025, 0.0], [0.97490513, -0.036441762, -0.21961755, 0.0], [0.21485785, -0.10421532, 0.9710691, 0.0], [-0.009757212, 0.0025285147, -0.017534472, 1.0]])
-0.009757212, 0.0025285147, -0.017534472
SIMD3<Float>(0.10440489, 0.21775094, -1.6074458)
0.00000000
CMRotationMatrix(m11: 0.0, m12: 0.0, m13: 0.0, m21: 0.0, m22: 0.0, m23: 0.0, m31: 0.0, m32: 0.0, m33: 0.0)

42
8701.53725025
normal
simd_float4x4([[-0.058607765, -0.9937791, -0.0947002, 0.0], [0.9713613, -0.034888778, -0.23503192, 0.0], [0.23026584, -0.10576281, 0.9673633, 0.0], [-0.013399234, 0.003561924, -0.019055672, 0.99999994]])
-0.013399234, 0.003561924, -0.019055672
SIMD3<Float>(0.10596098, 0.2336857, -1.6058891)
0.00000000
CMRotationMatrix(m11: 0.0, m12: 0.0, m13: 0.0, m21: 0.0, m22: 0.0, m23: 0.0, m31: 0.0, m32: 0.0, m33: 0.0)

43
8701.753892041
normal
simd_float4x4([[-0.055263296, -0.99498755, -0.08334074, 0.0], [0.9668525, -0.0324874, -0.25326023, 0.0], [0.24928322, -0.094574206, 0.96380156, 0.0], [-0.015120737, 0.0013809465, -0.018001305, 1.0]])
-0.015120737, 0.0013809465, -0.018001305
SIMD3<Float>(0.09471576, 0.25309917, -1.6034358)
0.00000000
CMRotationMatrix(m11: 0.0, m12: 0.0, m13: 0.0, m21: 0.0, m22: 0.0, m23: 0.0, m31: 0.0, m32: 0.0, m33: 0.0)

44
8701.97053375
normal
simd_float4x4([[-0.053000905, -0.99612033, -0.070249476, 0.0], [0.96273494, -0.032288264, -0.26851198, 0.0], [0.26520208, -0.081863016, 0.96071124, 0.0], [-0.015899131, 0.0006248554, -0.01956206, 0.9999999]])
-0.015899131, 0.0006248554, -0.01956206
SIMD3<Float>(0.081954725, 0.26933992, -1.603199)
0.00000000
CMRotationMatrix(m11: 0.0, m12: 0.0, m13: 0.0, m21: 0.0, m22: 0.0, m23: 0.0, m31: 0.0, m32: 0.0, m33: 0.0)

45
8702.187175416
normal
simd_float4x4([[-0.048278566, -0.9974277, -0.052981637, 0.0], [0.961085, -0.03194383, -0.27439967, 0.0], [0.27200142, -0.064167485, 0.96015495, 0.0], [-0.014761221, -0.001481019, -0.020816404, 1.0]])
-0.014761221, -0.001481019, -0.020816404
SIMD3<Float>(0.0642116, 0.27605605, -1.6028116)
0.00000000
CMRotationMatrix(m11: 0.0, m12: 0.0, m13: 0.0, m21: 0.0, m22: 0.0, m23: 0.0, m31: 0.0, m32: 0.0, m33: 0.0)

46
8702.40381725
normal
simd_float4x4([[-0.03639088, -0.9986212, -0.037833523, 0.0], [0.96222514, -0.02479284, -0.27112362, 0.0], [0.2698118, -0.046270795, 0.9618007, 0.0], [-0.0157634, -0.0029926535, -0.022748318, 0.99999994]])
-0.0157634, -0.0029926535, -0.022748318
SIMD3<Float>(0.04628732, 0.27349803, -1.5956182)
0.00000000
CMRotationMatrix(m11: 0.0, m12: 0.0, m13: 0.0, m21: 0.0, m22: 0.0, m23: 0.0, m31: 0.0, m32: 0.0, m33: 0.0)

47
8702.62045925
normal
simd_float4x4([[-0.030082216, -0.999215, -0.025775906, 0.0], [0.9630666, -0.022071358, -0.2683571, 0.0], [0.26757753, -0.032896686, 0.9629746, 0.0], [-0.016318692, -0.0052352175, -0.021896033, 1.0]])
-0.016318692, -0.0052352175, -0.021896033
SIMD3<Float>(0.032902624, 0.2710284, -1.5928814)
0.00000000
CMRotationMatrix(m11: 0.0, m12: 0.0, m13: 0.0, m21: 0.0, m22: 0.0, m23: 0.0, m31: 0.0, m32: 0.0, m33: 0.0)

48
8702.837101041
normal
simd_float4x4([[-0.019840445, -0.99980277, 0.0008020179, 0.0], [0.9660482, -0.019377276, -0.2576341, 0.0], [0.25759885, -0.0043367883, 0.9662422, 0.0], [-0.014169214, -0.008661136, -0.023017332, 1.0]])
-0.014169214, -0.008661136, -0.023017332
SIMD3<Float>(0.004336802, 0.26053888, -1.590175)
0.00000000
CMRotationMatrix(m11: 0.0, m12: 0.0, m13: 0.0, m21: 0.0, m22: 0.0, m23: 0.0, m31: 0.0, m32: 0.0, m33: 0.0)

49
8703.053742833
normal
simd_float4x4([[-0.009280438, -0.99964875, 0.024823656, 0.0], [0.9711128, -0.0149294315, -0.23815331, 0.0], [0.23844028, 0.021896405, 0.9709102, 0.0], [-0.013776953, -0.0107928915, -0.025139883, 0.99999994]])
-0.013776953, -0.0107928915, -0.025139883
SIMD3<Float>(-0.021898156, 0.24081838, -1.5857298)
0.00000000
CMRotationMatrix(m11: 0.0, m12: 0.0, m13: 0.0, m21: 0.0, m22: 0.0, m23: 0.0, m31: 0.0, m32: 0.0, m33: 0.0)

50
8703.270384708
normal
simd_float4x4([[-0.0038768016, -0.99921703, 0.039374452, 0.0], [0.97461057, -0.012590489, -0.22355255, 0.0], [0.22387327, 0.037508085, 0.97389627, 0.0], [-0.012001237, -0.012384938, -0.025562812, 1.0]])
-0.012001237, -0.012384938, -0.025562812
SIMD3<Float>(-0.037516885, 0.22594856, -1.583396)
0.00000000
CMRotationMatrix(m11: 0.0, m12: 0.0, m13: 0.0, m21: 0.0, m22: 0.0, m23: 0.0, m31: 0.0, m32: 0.0, m33: 0.0)

51
8703.487026541
normal
simd_float4x4([[0.0070899217, -0.9980106, 0.06264524, 0.0], [0.9790216, -0.0058295345, -0.20367268, 0.0], [0.20363271, 0.062775075, 0.9770327, 0.0], [-0.011346685, -0.015481956, -0.027238134, 1.0]])
-0.011346685, -0.015481956, -0.027238134
SIMD3<Float>(-0.06281638, 0.20547801, -1.5766374)
0.00000000
CMRotationMatrix(m11: 0.0, m12: 0.0, m13: 0.0, m21: 0.0, m22: 0.0, m23: 0.0, m31: 0.0, m32: 0.0, m33: 0.0)

52
8703.703668458
normal
simd_float4x4([[0.010629191, -0.99673176, 0.08007968, 0.0], [0.9824369, -0.004510351, -0.18654066, 0.0], [0.18629219, 0.08065602, 0.97917813, 0.0], [-0.0091167195, -0.017118191, -0.028626204, 1.0]])
-0.0091167195, -0.017118191, -0.028626204
SIMD3<Float>(-0.08074373, 0.18800673, -1.5753214)
0.00000000
CMRotationMatrix(m11: 0.0, m12: 0.0, m13: 0.0, m21: 0.0, m22: 0.0, m23: 0.0, m31: 0.0, m32: 0.0, m33: 0.0)

53
8703.920310458
normal
simd_float4x4([[0.013230724, -0.99534017, 0.09551424, 0.0], [0.98542356, -0.003223003, -0.17008826, 0.0], [0.16960353, 0.09637237, 0.98078895, 0.0], [-0.009418428, -0.017582977, -0.028205525, 1.0]])
-0.009418428, -0.017582977, -0.028205525
SIMD3<Float>(-0.09652218, 0.17123221, -1.5740345)
0.00000000
CMRotationMatrix(m11: 0.0, m12: 0.0, m13: 0.0, m21: 0.0, m22: 0.0, m23: 0.0, m31: 0.0, m32: 0.0, m33: 0.0)

54
8704.136952166
normal
simd_float4x4([[0.012231734, -0.9932179, 0.11562302, 0.0], [0.9879677, -0.005824509, -0.15455024, 0.0], [0.15417549, 0.11612223, 0.9811959, 0.0], [-0.009089115, -0.01932271, -0.030232698, 1.0]])
-0.009089115, -0.01932271, -0.030232698
SIMD3<Float>(-0.1163848, 0.15585583, -1.5766605)
0.00000000
CMRotationMatrix(m11: 0.0, m12: 0.0, m13: 0.0, m21: 0.0, m22: 0.0, m23: 0.0, m31: 0.0, m32: 0.0, m33: 0.0)

55
8704.353594083
normal
simd_float4x4([[0.009995613, -0.992229, 0.124022834, 0.0], [0.98987347, -0.0077449176, -0.14174102, 0.0], [0.14160012, 0.1241837, 0.98210377, 0.0], [-0.008097348, -0.020011855, -0.03046995, 1.0]])
-0.008097348, -0.020011855, -0.03046995
SIMD3<Float>(-0.12450512, 0.14319362, -1.5786017)
0.00000000
CMRotationMatrix(m11: 0.0, m12: 0.0, m13: 0.0, m21: 0.0, m22: 0.0, m23: 0.0, m31: 0.0, m32: 0.0, m33: 0.0)

56
8704.570235958
normal
simd_float4x4([[0.00818506, -0.9898888, 0.14160892, 0.0], [0.9924274, -0.009315192, -0.12247873, 0.0], [0.12255945, 0.14153907, 0.9823166, 0.0], [-0.007623794, -0.021479232, -0.031469744, 1.0]])
-0.007623794, -0.021479232, -0.031469744
SIMD3<Float>(-0.14201596, 0.124124326, -1.5802064)
0.00000000
CMRotationMatrix(m11: 0.0, m12: 0.0, m13: 0.0, m21: 0.0, m22: 0.0, m23: 0.0, m31: 0.0, m32: 0.0, m33: 0.0)

57
8704.786877791
normal
simd_float4x4([[0.0031777709, -0.9902474, 0.13928339, 0.0], [0.9935903, -0.012611992, -0.112334974, 0.0], [0.112996064, 0.13874759, 0.9838602, 0.0], [-0.00480323, -0.021686655, -0.029548328, 1.0]])
-0.00480323, -0.021686655, -0.029548328
SIMD3<Float>(-0.13919666, 0.1143487, -1.5835319)
0.00000000
CMRotationMatrix(m11: 0.0, m12: 0.0, m13: 0.0, m21: 0.0, m22: 0.0, m23: 0.0, m31: 0.0, m32: 0.0, m33: 0.0)

58
8705.00351975
normal
simd_float4x4([[0.0046732347, -0.9914165, 0.13065767, 0.0], [0.9957415, -0.007416514, -0.09189041, 0.0], [0.0920707, 0.13053069, 0.98715985, 0.0], [-0.0019543497, -0.022886964, -0.026515195, 0.99999994]])
-0.0019543497, -0.022886964, -0.026515195
SIMD3<Float>(-0.13090423, 0.092999235, -1.5782769)
0.00000000
CMRotationMatrix(m11: 0.0, m12: 0.0, m13: 0.0, m21: 0.0, m22: 0.0, m23: 0.0, m31: 0.0, m32: 0.0, m33: 0.0)

59
8705.220161708
normal
simd_float4x4([[0.0046383915, -0.9917273, 0.1282785, 0.0], [0.99739087, -0.004653257, -0.07203897, 0.0], [0.07203993, 0.12827794, 0.98911816, 0.0], [0.0002809063, -0.022462955, -0.026472056, 0.9999999]])
0.0002809063, -0.022462955, -0.026472056
SIMD3<Float>(-0.12863238, 0.072704114, -1.5754883)
0.00000000
CMRotationMatrix(m11: 0.0, m12: 0.0, m13: 0.0, m21: 0.0, m22: 0.0, m23: 0.0, m31: 0.0, m32: 0.0, m33: 0.0)

60
8705.43680375
normal
simd_float4x4([[0.0032941476, -0.99174136, 0.12821145, 0.0], [0.9985097, -0.0037222204, -0.05444692, 0.0], [0.054474495, 0.12819974, 0.9902511, 0.0], [0.0025856472, -0.02291958, -0.026946839, 1.0]])
0.0025856472, -0.02291958, -0.026946839
SIMD3<Float>(-0.12855352, 0.054955397, -1.5745496)
0.00000000
CMRotationMatrix(m11: 0.0, m12: 0.0, m13: 0.0, m21: 0.0, m22: 0.0, m23: 0.0, m31: 0.0, m32: 0.0, m33: 0.0)

61
8705.653445666
normal
simd_float4x4([[0.0031728628, -0.9917785, 0.12792729, 0.0], [0.9990142, -0.0025206483, -0.04431939, 0.0], [0.044277478, 0.12794182, 0.9907928, 0.0], [0.0041398793, -0.023214992, -0.029062714, 1.0]])
0.0041398793, -0.023214992, -0.029062714
SIMD3<Float>(-0.12829347, 0.044659223, -1.5733379)
0.00000000
CMRotationMatrix(m11: 0.0, m12: 0.0, m13: 0.0, m21: 0.0, m22: 0.0, m23: 0.0, m31: 0.0, m32: 0.0, m33: 0.0)

62
8705.870087416
normal
simd_float4x4([[0.0020194536, -0.9923367, 0.12354682, 0.0], [0.99949163, -0.001927926, -0.031822585, 0.0], [0.031816907, 0.123548284, 0.9918283, 0.0], [0.0055471766, -0.02232982, -0.029052049, 1.0]])
0.0055471766, -0.02232982, -0.029052049
SIMD3<Float>(-0.12386477, 0.03206805, -1.5727391)
0.00000000
CMRotationMatrix(m11: 0.0, m12: 0.0, m13: 0.0, m21: 0.0, m22: 0.0, m23: 0.0, m31: 0.0, m32: 0.0, m33: 0.0)

63
8706.086729416
normal
simd_float4x4([[0.0012806349, -0.99188423, 0.12713799, 0.0], [0.9997784, -0.0014013854, -0.02100366, 0.0], [0.02101137, 0.1271367, 0.9916626, 0.0], [0.006599031, -0.021640949, -0.02911295, 1.0]])
0.006599031, -0.021640949, -0.02911295
SIMD3<Float>(-0.12748173, 0.021184852, -1.5722091)
0.00000000
CMRotationMatrix(m11: 0.0, m12: 0.0, m13: 0.0, m21: 0.0, m22: 0.0, m23: 0.0, m31: 0.0, m32: 0.0, m33: 0.0)

64
8706.303371375
normal
simd_float4x4([[-0.0009818169, -0.9919856, 0.12634696, 0.0], [0.9999681, -0.0019743335, -0.0077304975, 0.0], [0.007917994, 0.12633534, 0.991956, 0.0], [0.008247854, -0.021142695, -0.02802854, 1.0]])
0.008247854, -0.021142695, -0.02802854
SIMD3<Float>(-0.12667383, 0.007982033, -1.5727866)
0.00000000
CMRotationMatrix(m11: 0.0, m12: 0.0, m13: 0.0, m21: 0.0, m22: 0.0, m23: 0.0, m31: 0.0, m32: 0.0, m33: 0.0)

65
8706.520013333
normal
simd_float4x4([[-0.0045289295, -0.9916937, 0.12854232, 0.0], [0.99995625, -0.0034386148, 0.008702808, 0.0], [-0.008188512, 0.1285761, 0.9916658, 0.0], [0.012148229, -0.0201746, -0.03062115, 0.99999994]])
0.012148229, -0.0201746, -0.03062115
SIMD3<Float>(-0.12893303, -0.008257143, -1.5742637)
0.00000000
CMRotationMatrix(m11: 0.0, m12: 0.0, m13: 0.0, m21: 0.0, m22: 0.0, m23: 0.0, m31: 0.0, m32: 0.0, m33: 0.0)

66
8706.736655291
normal
simd_float4x4([[-0.0028085364, -0.99165577, 0.1288836, 0.0], [0.99963903, 0.0006595807, 0.026858343, 0.0], [-0.02671924, 0.12891251, 0.991296, 0.0], [0.0141537925, -0.01874211, -0.028362738, 1.0000001]])
0.0141537925, -0.01874211, -0.028362738
SIMD3<Float>(-0.12927225, -0.026947323, -1.5701312)
0.00000000
CMRotationMatrix(m11: 0.0, m12: 0.0, m13: 0.0, m21: 0.0, m22: 0.0, m23: 0.0, m31: 0.0, m32: 0.0, m33: 0.0)

67
8706.953297125
normal
simd_float4x4([[-0.0024270788, -0.991764, 0.12805568, 0.0], [0.9990974, 0.0030257122, 0.042369697, 0.0], [-0.0424082, 0.12804292, 0.9908615, 0.0], [0.016935617, -0.018098932, -0.028321022, 0.99999994]])
0.016935617, -0.018098932, -0.028321022
SIMD3<Float>(-0.12839541, -0.04277322, -1.5677454)
0.00000000
CMRotationMatrix(m11: 0.0, m12: 0.0, m13: 0.0, m21: 0.0, m22: 0.0, m23: 0.0, m31: 0.0, m32: 0.0, m33: 0.0)

68
8707.169939166
normal
simd_float4x4([[-0.0011243141, -0.9919219, 0.12684527, 0.0], [0.99890566, 0.004816902, 0.046521828, 0.0], [-0.04675702, 0.12675875, 0.99083096, 0.0], [0.019342624, -0.017922675, -0.02944151, 1.0000001]])
0.019342624, -0.017922675, -0.02944151
SIMD3<Float>(-0.12710069, -0.047154725, -1.5659403)
0.00000000
CMRotationMatrix(m11: 0.0, m12: 0.0, m13: 0.0, m21: 0.0, m22: 0.0, m23: 0.0, m31: 0.0, m32: 0.0, m33: 0.0)

69
8707.386581208
normal
simd_float4x4([[0.00010407115, -0.9920723, 0.12566847, 0.0], [0.9986146, 0.006715728, 0.052189387, 0.0], [-0.052619595, 0.12548895, 0.9906986, 0.0], [0.021622967, -0.016724294, -0.027433194, 0.99999994]])
0.021622967, -0.016724294, -0.027433194
SIMD3<Float>(-0.12582067, -0.053063765, -1.5640271)
0.00000000
CMRotationMatrix(m11: 0.0, m12: 0.0, m13: 0.0, m21: 0.0, m22: 0.0, m23: 0.0, m31: 0.0, m32: 0.0, m33: 0.0)

70
8707.603223
normal
simd_float4x4([[-0.00071738975, -0.99194676, 0.12665315, 0.0], [0.99849385, 0.006237322, 0.054506343, 0.0], [-0.054857366, 0.12650152, 0.9904483, 0.0], [0.022193354, -0.016534364, -0.027237743, 1.0]])
0.022193354, -0.016534364, -0.027237743
SIMD3<Float>(-0.12684137, -0.05532987, -1.5645084)
0.00000000
CMRotationMatrix(m11: 0.0, m12: 0.0, m13: 0.0, m21: 0.0, m22: 0.0, m23: 0.0, m31: 0.0, m32: 0.0, m33: 0.0)
