ARKit Data

1
6772.854168666
normal
simd_float4x4([[0.004425917, -0.985177, 0.17148419, 0.0], [0.99998754, 0.0047537475, 0.0015011299, 0.0], [-0.0022940706, 0.1714754, 0.98518574, 0.0], [-0.00020531844, 0.0012512133, -0.00039560022, 1.0]])
-0.00020531844, 0.0012512133, -0.00039560022
SIMD3<Float>(-0.17232706, -0.0023285623, -1.5659711)
0.00000000
CMRotationMatrix(m11: 0.0, m12: 0.0, m13: 0.0, m21: 0.0, m22: 0.0, m23: 0.0, m31: 0.0, m32: 0.0, m33: 0.0)

2
6773.870714708
normal
simd_float4x4([[-0.026779737, -0.9845466, 0.17306294, 0.0], [0.9996016, -0.024830842, 0.013416775, 0.0], [-0.008912142, 0.1733533, 0.9848193, 0.0], [-0.013149929, -0.0075429054, 0.00079089333, 0.99999994]])
-0.013149929, -0.0075429054, 0.00079089333
SIMD3<Float>(-0.17423351, -0.009049273, -1.5960115)
0.00000000
CMRotationMatrix(m11: 0.0, m12: 0.0, m13: 0.0, m21: 0.0, m22: 0.0, m23: 0.0, m31: 0.0, m32: 0.0, m33: 0.0)

3
6774.887261083
normal
simd_float4x4([[-0.04217164, -0.98231435, 0.18242843, 0.0], [0.99572814, -0.026311008, 0.08850488, 0.0], [-0.08213974, 0.18538152, 0.9792276, 0.0], [0.09604472, -0.01460433, 0.012763398, 1.0]])
0.09604472, -0.01460433, 0.012763398
SIMD3<Float>(-0.1864601, -0.08368626, -1.5975746)
0.00000000
CMRotationMatrix(m11: 0.0, m12: 0.0, m13: 0.0, m21: 0.0, m22: 0.0, m23: 0.0, m31: 0.0, m32: 0.0, m33: 0.0)

4
6775.903807458
normal
simd_float4x4([[-0.044269685, -0.97272533, 0.22769612, 0.0], [0.9892759, -0.074438825, -0.1256657, 0.0], [0.13918763, 0.21969114, 0.96558917, 0.0], [0.38522923, -0.0010813049, -0.013922909, 0.9999999]])
0.38522923, -0.0010813049, -0.013922909
SIMD3<Float>(-0.22149786, 0.14316176, -1.6471735)
0.00000000
CMRotationMatrix(m11: 0.0, m12: 0.0, m13: 0.0, m21: 0.0, m22: 0.0, m23: 0.0, m31: 0.0, m32: 0.0, m33: 0.0)

5
6776.920353916
normal
simd_float4x4([[0.020530803, -0.98722184, 0.1580235, 0.0], [0.995247, 0.035229895, 0.090787135, 0.0], [-0.09519421, 0.1554085, 0.9832529, 0.0], [0.3909491, -0.0020480354, -0.020561436, 0.99999994]])
0.3909491, -0.0020480354, -0.020561436
SIMD3<Float>(-0.15604097, -0.09651479, -1.5351256)
0.00000000
CMRotationMatrix(m11: 0.0, m12: 0.0, m13: 0.0, m21: 0.0, m22: 0.0, m23: 0.0, m31: 0.0, m32: 0.0, m33: 0.0)

6
6777.936900541
normal
simd_float4x4([[-0.027739812, -0.9806037, 0.19402799, 0.0], [0.9977082, -0.0151765, 0.06593947, 0.0], [-0.06171583, 0.19541246, 0.9787773, 0.0], [0.0071597667, -0.0052359374, 0.0031976511, 0.99999994]])
0.0071597667, -0.0052359374, 0.0031976511
SIMD3<Float>(-0.196678, -0.062970646, -1.5862718)
0.00000000
CMRotationMatrix(m11: 0.0, m12: 0.0, m13: 0.0, m21: 0.0, m22: 0.0, m23: 0.0, m31: 0.0, m32: 0.0, m33: 0.0)

7
6778.953447125
normal
simd_float4x4([[0.0027236773, -0.97854346, 0.20602238, 0.0], [0.99910885, 0.011340582, 0.040655788, 0.0], [-0.04211987, 0.20572805, 0.9777023, 0.0], [-0.21063723, -0.008599707, 0.0029381034, 0.99999994]])
-0.21063723, -0.008599707, 0.0029381034
SIMD3<Float>(-0.20720762, -0.043053843, -1.5592076)
0.00000000
CMRotationMatrix(m11: 0.0, m12: 0.0, m13: 0.0, m21: 0.0, m22: 0.0, m23: 0.0, m31: 0.0, m32: 0.0, m33: 0.0)

8
6779.969993958
normal
simd_float4x4([[-0.008798947, -0.9813036, 0.19226494, 0.0], [0.9948481, -0.028009884, -0.09743109, 0.0], [0.1009948, 0.19041711, 0.9764944, 0.0], [-0.3816037, 0.0091964565, -0.008431071, 1.0]])
-0.3816037, 0.0091964565, -0.008431071
SIMD3<Float>(-0.19158702, 0.10305946, -1.5993321)
0.00000000
CMRotationMatrix(m11: 0.0, m12: 0.0, m13: 0.0, m21: 0.0, m22: 0.0, m23: 0.0, m31: 0.0, m32: 0.0, m33: 0.0)

9
6780.986540916
normal
simd_float4x4([[-0.03244973, -0.9890939, 0.14366661, 0.0], [0.9991197, -0.035924546, -0.021658348, 0.0], [0.026583299, 0.14283735, 0.989389, 0.0], [-0.16831717, 0.0072022243, 0.025265899, 0.9999999]])
-0.16831717, 0.0072022243, 0.025265899
SIMD3<Float>(-0.14332756, 0.026861938, -1.6071011)
0.00000000
CMRotationMatrix(m11: 0.0, m12: 0.0, m13: 0.0, m21: 0.0, m22: 0.0, m23: 0.0, m31: 0.0, m32: 0.0, m33: 0.0)

10
6782.003087708
normal
simd_float4x4([[-0.06266621, -0.96772844, 0.24407898, 0.0], [0.9963546, -0.046477135, 0.07153636, 0.0], [-0.057883684, 0.24767211, 0.96711326, 0.0], [0.11969571, -0.008595601, -0.007272405, 1.0]])
0.11969571, -0.008595601, -0.007272405
SIMD3<Float>(-0.25027677, -0.059780706, -1.6187865)
0.00000000
CMRotationMatrix(m11: 0.0, m12: 0.0, m13: 0.0, m21: 0.0, m22: 0.0, m23: 0.0, m31: 0.0, m32: 0.0, m33: 0.0)

11
6783.019634666
normal
simd_float4x4([[-0.016534848, -0.97886056, 0.20385914, 0.0], [0.9998556, -0.016987719, -0.00047163965, 0.0], [0.003924771, 0.2038219, 0.97900015, 0.0], [0.4130794, 0.0020068213, -0.031995066, 1.0]])
0.4130794, 0.0020068213, -0.031995066
SIMD3<Float>(-0.20526019, 0.004008937, -1.5881492)
0.00000000
CMRotationMatrix(m11: 0.0, m12: 0.0, m13: 0.0, m21: 0.0, m22: 0.0, m23: 0.0, m31: 0.0, m32: 0.0, m33: 0.0)

12
6784.036181375
normal
simd_float4x4([[-0.012794064, -0.97472686, 0.22303349, 0.0], [0.9968799, -0.02980847, -0.073087536, 0.0], [0.07788866, 0.22140253, 0.97206694, 0.0], [0.40669343, -0.025620004, -0.03326806, 0.99999994]])
0.40669343, -0.025620004, -0.03326806
SIMD3<Float>(-0.22325246, 0.079956025, -1.6013682)
0.00000000
CMRotationMatrix(m11: 0.0, m12: 0.0, m13: 0.0, m21: 0.0, m22: 0.0, m23: 0.0, m31: 0.0, m32: 0.0, m33: 0.0)

13
6785.052728458
normal
simd_float4x4([[0.00055382587, -0.99070734, 0.13600987, 0.0], [0.99992085, -0.0011613732, -0.012531172, 0.0], [0.01257268, 0.13600603, 0.99062824, 0.0], [0.17807592, -0.003857372, -0.025620235, 1.0000001]])
0.17807592, -0.003857372, -0.025620235
SIMD3<Float>(-0.13642885, 0.012690941, -1.5719686)
0.00000000
CMRotationMatrix(m11: 0.0, m12: 0.0, m13: 0.0, m21: 0.0, m22: 0.0, m23: 0.0, m31: 0.0, m32: 0.0, m33: 0.0)
