ARKit Data

1
8666.219215791
normal
simd_float4x4([[0.017507428, -0.9997892, 0.010722044, 0.0], [0.99953336, 0.017769367, 0.024842463, 0.0], [-0.02502775, 0.010282111, 0.99963385, 0.0], [-0.0024895128, 0.00062574446, 0.00015781075, 0.99999994]])
-0.0024895128, 0.00062574446, 0.00015781075
SIMD3<Float>(-0.010282293, -0.025031688, -1.5530251)
0.00000000
CMRotationMatrix(m11: 0.0, m12: 0.0, m13: 0.0, m21: 0.0, m22: 0.0, m23: 0.0, m31: 0.0, m32: 0.0, m33: 0.0)

2
8666.435857
normal
simd_float4x4([[0.010682191, -0.999888, 0.010481145, 0.0], [0.99937755, 0.011027996, 0.033509772, 0.0], [-0.03362161, 0.010116663, 0.9993834, 0.0], [-0.0024764696, 0.0010181628, 0.003791344, 0.99999994]])
-0.0024764696, 0.0010181628, 0.003791344
SIMD3<Float>(-0.010116835, -0.03362967, -1.5597675)
0.00000000
CMRotationMatrix(m11: 0.0, m12: 0.0, m13: 0.0, m21: 0.0, m22: 0.0, m23: 0.0, m31: 0.0, m32: 0.0, m33: 0.0)

3
8666.652498291
normal
simd_float4x4([[0.008048631, -0.9998654, 0.014294561, 0.0], [0.99935967, 0.008541313, 0.03474655, 0.0], [-0.034863967, 0.014005744, 0.9992939, 0.0], [-0.0022492844, 0.00024473667, 0.0031249071, 0.99999994]])
-0.0022492844, 0.00024473667, 0.0031249071
SIMD3<Float>(-0.014006202, -0.034874458, -1.5622541)
0.00000000
CMRotationMatrix(m11: 0.0, m12: 0.0, m13: 0.0, m21: 0.0, m22: 0.0, m23: 0.0, m31: 0.0, m32: 0.0, m33: 0.0)

4
8666.869139541
normal
simd_float4x4([[0.0064798337, -0.99989533, 0.012930769, 0.0], [0.9993356, 0.006938908, 0.035779323, 0.0], [-0.035865307, 0.012690334, 0.99927604, 0.0], [-0.0026440395, 0.0010256879, 0.0060545052, 0.99999994]])
-0.0026440395, 0.0010256879, 0.0060545052
SIMD3<Float>(-0.0126906745, -0.03587589, -1.5638568)
0.00000000
CMRotationMatrix(m11: 0.0, m12: 0.0, m13: 0.0, m21: 0.0, m22: 0.0, m23: 0.0, m31: 0.0, m32: 0.0, m33: 0.0)

5
8667.085780791
normal
simd_float4x4([[0.005031349, -0.9998732, 0.015102066, 0.0], [0.999225, 0.005616534, 0.03895976, 0.0], [-0.039039645, 0.014894342, 0.9991266, 0.0], [-0.0023329523, 0.0011272269, 0.007149388, 0.9999999]])
-0.0023329523, 0.0011272269, 0.007149388
SIMD3<Float>(-0.014894892, -0.039053906, -1.5651791)
0.00000000
CMRotationMatrix(m11: 0.0, m12: 0.0, m13: 0.0, m21: 0.0, m22: 0.0, m23: 0.0, m31: 0.0, m32: 0.0, m33: 0.0)

6
8667.302422041
normal
simd_float4x4([[0.0051572295, -0.999778, 0.020425463, 0.0], [0.999156, 0.005984187, 0.04063471, 0.0], [-0.04074792, 0.020198664, 0.9989652, 0.0], [-0.0027271223, 0.0013956701, 0.0067512146, 0.9999998]])
-0.0027271223, 0.0013956701, 0.0067512146
SIMD3<Float>(-0.020200038, -0.040767528, -1.5648109)
0.00000000
CMRotationMatrix(m11: 0.0, m12: 0.0, m13: 0.0, m21: 0.0, m22: 0.0, m23: 0.0, m31: 0.0, m32: 0.0, m33: 0.0)

7
8667.519063333
normal
simd_float4x4([[0.006238156, -0.99971676, 0.022968756, 0.0], [0.9992221, 0.007126221, 0.038787477, 0.0], [-0.038940165, 0.022708924, 0.9989835, 0.0], [-0.0027469115, 0.0012588911, 0.0065669673, 0.99999994]])
-0.0027469115, 0.0012588911, 0.0065669673
SIMD3<Float>(-0.022710877, -0.038960066, -1.5636683)
0.00000000
CMRotationMatrix(m11: 0.0, m12: 0.0, m13: 0.0, m21: 0.0, m22: 0.0, m23: 0.0, m31: 0.0, m32: 0.0, m33: 0.0)

8
8667.735704625
normal
simd_float4x4([[0.007542946, -0.9996707, 0.024524922, 0.0], [0.99937874, 0.008380571, 0.034232635, 0.0], [-0.0344269, 0.02425147, 0.9991129, 0.0], [-0.003260264, 0.0013622133, 0.0049800887, 0.9999998]])
-0.003260264, 0.0013622133, 0.0049800887
SIMD3<Float>(-0.024253849, -0.03444384, -1.5624132)
0.00000000
CMRotationMatrix(m11: 0.0, m12: 0.0, m13: 0.0, m21: 0.0, m22: 0.0, m23: 0.0, m31: 0.0, m32: 0.0, m33: 0.0)

9
8667.952345916
normal
simd_float4x4([[0.009842305, -0.9995793, 0.027279438, 0.0], [0.9995217, 0.010634221, 0.029038351, 0.0], [-0.029316232, 0.026980586, 0.999206, 0.0], [-0.0028716167, 0.0008494544, 0.0050106756, 0.9999999]])
-0.0028716167, 0.0008494544, 0.0050106756
SIMD3<Float>(-0.02698386, -0.029331112, -1.560158)
0.00000000
CMRotationMatrix(m11: 0.0, m12: 0.0, m13: 0.0, m21: 0.0, m22: 0.0, m23: 0.0, m31: 0.0, m32: 0.0, m33: 0.0)

10
8668.168987375
normal
simd_float4x4([[0.010376267, -0.9993046, 0.03581258, 0.0], [0.9996612, 0.011221488, 0.023481486, 0.0], [-0.02386703, 0.035556804, 0.9990826, 0.0], [-0.0014063275, 0.00079605606, 0.0047643324, 0.9999999]])
-0.0014063275, 0.00079605606, 0.0047643324
SIMD3<Float>(-0.0355643, -0.023884403, -1.5595675)
0.00000000
CMRotationMatrix(m11: 0.0, m12: 0.0, m13: 0.0, m21: 0.0, m22: 0.0, m23: 0.0, m31: 0.0, m32: 0.0, m33: 0.0)

11
8668.385628625
normal
simd_float4x4([[0.013778334, -0.99906933, 0.040870566, 0.0], [0.99941236, 0.015042906, 0.030796489, 0.0], [-0.031382646, 0.040422224, 0.9986896, 0.0], [-0.0005999841, 0.0014049001, 0.004848937, 0.99999994]])
-0.0005999841, 0.0014049001, 0.004848937
SIMD3<Float>(-0.04043324, -0.031413488, -1.5557406)
0.00000000
CMRotationMatrix(m11: 0.0, m12: 0.0, m13: 0.0, m21: 0.0, m22: 0.0, m23: 0.0, m31: 0.0, m32: 0.0, m33: 0.0)

12
8668.602270083
normal
simd_float4x4([[0.017056763, -0.99866873, 0.048678663, 0.0], [0.9989442, 0.01909788, 0.041778106, 0.0], [-0.042652145, 0.047914676, 0.99794024, 0.0], [-0.0010853114, 0.0007810419, 0.004689083, 0.9999998]])
-0.0010853114, 0.0007810419, 0.004689083
SIMD3<Float>(-0.04793303, -0.042714182, -1.5516753)
0.00000000
CMRotationMatrix(m11: 0.0, m12: 0.0, m13: 0.0, m21: 0.0, m22: 0.0, m23: 0.0, m31: 0.0, m32: 0.0, m33: 0.0)

13
8668.818911375
normal
simd_float4x4([[0.018155154, -0.99856025, 0.050472748, 0.0], [0.9984851, 0.02072992, 0.050966643, 0.0], [-0.051939573, 0.049470983, 0.99742407, 0.0], [-0.00030930323, 0.00066576904, 0.0041337283, 0.99999976]])
-0.00030930323, 0.00066576904, 0.0041337283
SIMD3<Float>(-0.049491186, -0.05202672, -1.5500395)
0.00000000
CMRotationMatrix(m11: 0.0, m12: 0.0, m13: 0.0, m21: 0.0, m22: 0.0, m23: 0.0, m31: 0.0, m32: 0.0, m33: 0.0)

14
8669.035552875
normal
simd_float4x4([[0.019107532, -0.9985814, 0.04969903, 0.0], [0.9976635, 0.022303903, 0.0645763, 0.0], [-0.06559317, 0.04834901, 0.9966744, 0.0], [-0.00041954545, 0.0009226389, 0.0046081054, 0.99999994]])
-0.00041954545, 0.0009226389, 0.0046081054
SIMD3<Float>(-0.04836787, -0.065717265, -1.5484644)
0.00000000
CMRotationMatrix(m11: 0.0, m12: 0.0, m13: 0.0, m21: 0.0, m22: 0.0, m23: 0.0, m31: 0.0, m32: 0.0, m33: 0.0)

15
8669.252194083
normal
simd_float4x4([[0.017874757, -0.99871624, 0.047395375, 0.0], [0.9965305, 0.021649364, 0.08036299, 0.0], [-0.0812859, 0.045794465, 0.9956382, 0.0], [0.0012272969, 0.00048774853, 0.0034179739, 0.99999994]])
0.0012272969, 0.00048774853, 0.0034179739
SIMD3<Float>(-0.045810487, -0.08146134, -1.5491226)
0.00000000
CMRotationMatrix(m11: 0.0, m12: 0.0, m13: 0.0, m21: 0.0, m22: 0.0, m23: 0.0, m31: 0.0, m32: 0.0, m33: 0.0)

16
8669.468835583
normal
simd_float4x4([[0.014967398, -0.99888474, 0.044779275, 0.0], [0.99567086, 0.018998124, 0.090987146, 0.0], [-0.09173639, 0.04322358, 0.9948448, 0.0], [0.0013123862, 0.00059644505, 0.0037028915, 0.99999994]])
0.0013123862, 0.00059644505, 0.0037028915
SIMD3<Float>(-0.04323705, -0.09195173, -1.5517793)
0.00000000
CMRotationMatrix(m11: 0.0, m12: 0.0, m13: 0.0, m21: 0.0, m22: 0.0, m23: 0.0, m31: 0.0, m32: 0.0, m33: 0.0)

17
8669.685476916
normal
simd_float4x4([[0.012764034, -0.9989354, 0.044326335, 0.0], [0.99424404, 0.017395098, 0.1057163, 0.0], [-0.10637483, 0.042721834, 0.9934077, 0.0], [0.0021152326, 0.00055484974, 0.0035506901, 0.9999998]])
0.0021152326, 0.00055484974, 0.0035506901
SIMD3<Float>(-0.04273484, -0.106674254, -1.5533844)
0.00000000
CMRotationMatrix(m11: 0.0, m12: 0.0, m13: 0.0, m21: 0.0, m22: 0.0, m23: 0.0, m31: 0.0, m32: 0.0, m33: 0.0)

18
8669.902118458
normal
simd_float4x4([[0.009191304, -0.99917936, 0.039447248, 0.0], [0.99208444, 0.014052462, 0.124783866, 0.0], [-0.1252358, 0.037988074, 0.9913996, 0.0], [0.0029584544, 0.00038502985, 0.003981075, 1.0]])
0.0029584544, 0.00038502985, 0.003981075
SIMD3<Float>(-0.037997216, -0.12565666, -1.5567333)
0.00000000
CMRotationMatrix(m11: 0.0, m12: 0.0, m13: 0.0, m21: 0.0, m22: 0.0, m23: 0.0, m31: 0.0, m32: 0.0, m33: 0.0)

19
8670.118759833
normal
simd_float4x4([[0.0052719624, -0.9993042, 0.036921136, 0.0], [0.99076813, 0.010221456, 0.13518143, 0.0], [-0.13546477, 0.035867617, 0.99013275, 0.0], [0.003040504, 0.0011403771, 0.006817376, 1.0]])
0.003040504, 0.0011403771, 0.006817376
SIMD3<Float>(-0.035875313, -0.13597058, -1.5605681)
0.00000000
CMRotationMatrix(m11: 0.0, m12: 0.0, m13: 0.0, m21: 0.0, m22: 0.0, m23: 0.0, m31: 0.0, m32: 0.0, m33: 0.0)

20
8670.33540125
normal
simd_float4x4([[0.0063226754, -0.9993573, 0.03528395, 0.0], [0.9887064, 0.011530863, 0.14942163, 0.0], [-0.14973246, 0.033940718, 0.98814386, 0.0], [0.0027400032, 0.0014398955, 0.009035733, 0.99999994]])
0.0027400032, 0.0014398955, 0.009035733
SIMD3<Float>(-0.033947237, -0.15038498, -1.5592586)
0.00000000
CMRotationMatrix(m11: 0.0, m12: 0.0, m13: 0.0, m21: 0.0, m22: 0.0, m23: 0.0, m31: 0.0, m32: 0.0, m33: 0.0)

21
8670.552042916
normal
simd_float4x4([[0.0055289865, -0.9991776, 0.04016786, 0.0], [0.9867916, 0.011955027, 0.16155295, 0.0], [-0.16190031, 0.038744085, 0.98604614, 0.0], [0.00320408, 0.0009441277, 0.009918555, 0.9999998]])
0.00320408, 0.0009441277, 0.009918555
SIMD3<Float>(-0.038753785, -0.16273937, -1.558832)
0.00000000
CMRotationMatrix(m11: 0.0, m12: 0.0, m13: 0.0, m21: 0.0, m22: 0.0, m23: 0.0, m31: 0.0, m32: 0.0, m33: 0.0)

22
8670.768684375
normal
simd_float4x4([[0.0066250428, -0.99867696, 0.050992943, 0.0], [0.9851028, 0.015280932, 0.17128578, 0.0], [-0.17183839, 0.04909852, 0.9839008, 0.0], [0.004135671, -0.0012411462, 0.01121137, 0.9999998]])
0.004135671, -0.0012411462, 0.01121137
SIMD3<Float>(-0.04911827, -0.17290616, -1.5554963)
0.00000000
CMRotationMatrix(m11: 0.0, m12: 0.0, m13: 0.0, m21: 0.0, m22: 0.0, m23: 0.0, m31: 0.0, m32: 0.0, m33: 0.0)

23
8670.985325833
normal
simd_float4x4([[0.0062745763, -0.99811435, 0.06106006, 0.0], [0.9849224, 0.016725209, 0.1721862, 0.0], [-0.17288278, 0.059059028, 0.9831702, 0.0], [0.0054199677, -0.0027088572, 0.010620482, 1.0]])
0.0054199677, -0.0027088572, 0.010620482
SIMD3<Float>(-0.059093416, -0.1740627, -1.5540411)
0.00000000
CMRotationMatrix(m11: 0.0, m12: 0.0, m13: 0.0, m21: 0.0, m22: 0.0, m23: 0.0, m31: 0.0, m32: 0.0, m33: 0.0)

24
8671.201967291
normal
simd_float4x4([[0.005115299, -0.9978735, 0.0649792, 0.0], [0.9860891, 0.015829379, 0.16546182, 0.0], [-0.16613856, 0.0632289, 0.98407316, 0.0], [0.006477466, -0.0040468485, 0.010041262, 0.9999998]])
0.006477466, -0.0040468485, 0.010041262
SIMD3<Float>(-0.063271105, -0.16725032, -1.5549345)
0.00000000
CMRotationMatrix(m11: 0.0, m12: 0.0, m13: 0.0, m21: 0.0, m22: 0.0, m23: 0.0, m31: 0.0, m32: 0.0, m33: 0.0)

25
8671.418608625
normal
simd_float4x4([[0.0016702706, -0.9982539, 0.059044484, 0.0], [0.987409, 0.010985974, 0.15780565, 0.0], [-0.15817876, 0.058037475, 0.98570335, 0.0], [0.006282051, -0.003959533, 0.0118744075, 0.99999994]])
0.006282051, -0.003959533, 0.0118744075
SIMD3<Float>(-0.058070105, -0.15911642, -1.5597916)
0.00000000
CMRotationMatrix(m11: 0.0, m12: 0.0, m13: 0.0, m21: 0.0, m22: 0.0, m23: 0.0, m31: 0.0, m32: 0.0, m33: 0.0)

26
8671.635250291
normal
simd_float4x4([[-0.0025058584, -0.9981758, 0.06032105, 0.0], [0.9890405, 0.0064309277, 0.14750394, 0.0], [-0.1476228, 0.06002959, 0.9872203, 0.0], [0.0051230346, -0.0038328704, 0.009041828, 0.9999999]])
0.0051230346, -0.0038328704, 0.009041828
SIMD3<Float>(-0.0600657, -0.14843397, -1.5643537)
0.00000000
CMRotationMatrix(m11: 0.0, m12: 0.0, m13: 0.0, m21: 0.0, m22: 0.0, m23: 0.0, m31: 0.0, m32: 0.0, m33: 0.0)

27
8671.851891875
normal
simd_float4x4([[-0.0039333007, -0.9979511, 0.0638597, 0.0], [0.99092734, 0.004689431, 0.13431692, 0.0], [-0.13434118, 0.06380863, 0.98887855, 0.0], [0.0027886932, -0.0057084016, 0.0080483, 0.9999999]])
0.0027886932, -0.0057084016, 0.0080483
SIMD3<Float>(-0.063852005, -0.13502544, -1.5660973)
0.00000000
CMRotationMatrix(m11: 0.0, m12: 0.0, m13: 0.0, m21: 0.0, m22: 0.0, m23: 0.0, m31: 0.0, m32: 0.0, m33: 0.0)

28
8672.068533375
normal
simd_float4x4([[-0.0016146824, -0.9978136, 0.066070646, 0.0], [0.9929147, 0.0062506623, 0.11866449, 0.0], [-0.118818015, 0.065794125, 0.99073374, 0.0], [0.00026853, -0.0058537847, 0.006860622, 0.9999999]])
0.00026853, -0.0058537847, 0.006860622
SIMD3<Float>(-0.06584169, -0.11935924, -1.564532)
0.00000000
CMRotationMatrix(m11: 0.0, m12: 0.0, m13: 0.0, m21: 0.0, m22: 0.0, m23: 0.0, m31: 0.0, m32: 0.0, m33: 0.0)

29
8672.285174916
normal
simd_float4x4([[-0.00086742366, -0.9977901, 0.06643911, 0.0], [0.994305, 0.0062196967, 0.1063897, 0.0], [-0.106567815, 0.06615302, 0.9921024, 0.0], [-0.0024557495, -0.0054173223, 0.006744731, 0.9999999]])
-0.0024557495, -0.0054173223, 0.006744731
SIMD3<Float>(-0.06620137, -0.10700586, -1.5645629)
0.00000000
CMRotationMatrix(m11: 0.0, m12: 0.0, m13: 0.0, m21: 0.0, m22: 0.0, m23: 0.0, m31: 0.0, m32: 0.0, m33: 0.0)

30
8672.501816541
normal
simd_float4x4([[0.00045836196, -0.99810934, 0.061460298, 0.0], [0.9954337, 0.006321965, 0.09524431, 0.0], [-0.0954528, 0.061136004, 0.9935547, 0.0], [-0.0035656684, -0.0049745613, 0.008680641, 0.9999998]])
-0.0035656684, -0.0049745613, 0.008680641
SIMD3<Float>(-0.06117415, -0.09577806, -1.5644624)
0.00000000
CMRotationMatrix(m11: 0.0, m12: 0.0, m13: 0.0, m21: 0.0, m22: 0.0, m23: 0.0, m31: 0.0, m32: 0.0, m33: 0.0)

31
8672.718458125
normal
simd_float4x4([[0.002139135, -0.9982749, 0.058672372, 0.0], [0.9967141, 0.0068792286, 0.08070675, 0.0], [-0.080971144, 0.058306936, 0.9950095, 0.0], [-0.0037979074, -0.0050017773, 0.008647288, 0.9999999]])
-0.0037979074, -0.0050017773, 0.008647288
SIMD3<Float>(-0.058340024, -0.081198335, -1.5639054)
0.00000000
CMRotationMatrix(m11: 0.0, m12: 0.0, m13: 0.0, m21: 0.0, m22: 0.0, m23: 0.0, m31: 0.0, m32: 0.0, m33: 0.0)

32
8672.9350995
normal
simd_float4x4([[0.003044306, -0.99834245, 0.057471108, 0.0], [0.9980185, 0.006645147, 0.06256813, 0.0], [-0.06284632, 0.05716675, 0.99638456, 0.0], [-0.004750299, -0.0049072057, 0.008891789, 0.99999994]])
-0.004750299, -0.0049072057, 0.008891789
SIMD3<Float>(-0.057197936, -0.06299091, -1.5641402)
0.00000000
CMRotationMatrix(m11: 0.0, m12: 0.0, m13: 0.0, m21: 0.0, m22: 0.0, m23: 0.0, m31: 0.0, m32: 0.0, m33: 0.0)

33
8673.151741083
normal
simd_float4x4([[0.0046660593, -0.9982365, 0.05917699, 0.0], [0.99866897, 0.007691396, 0.050999284, 0.0], [-0.051364504, 0.058860265, 0.9969439, 0.0], [-0.005137861, -0.0053072385, 0.009616427, 0.99999994]])
-0.005137861, -0.0053072385, 0.009616427
SIMD3<Float>(-0.058894306, -0.051476445, -1.5630915)
0.00000000
CMRotationMatrix(m11: 0.0, m12: 0.0, m13: 0.0, m21: 0.0, m22: 0.0, m23: 0.0, m31: 0.0, m32: 0.0, m33: 0.0)

34
8673.368382708
normal
simd_float4x4([[0.00634621, -0.99757713, 0.06927806, 0.0], [0.9992, 0.009061402, 0.03894907, 0.0], [-0.039482456, 0.06897546, 0.9968367, 0.0], [-0.0060619726, -0.0059496313, 0.008219959, 0.99999994]])
-0.0060619726, -0.0059496313, 0.008219959
SIMD3<Float>(-0.06903028, -0.039587054, -1.5617132)
0.00000000
CMRotationMatrix(m11: 0.0, m12: 0.0, m13: 0.0, m21: 0.0, m22: 0.0, m23: 0.0, m31: 0.0, m32: 0.0, m33: 0.0)

35
8673.585024333
normal
simd_float4x4([[0.007631753, -0.996996, 0.077075765, 0.0], [0.99969536, 0.009416101, 0.022813749, 0.0], [-0.023470972, 0.076878175, 0.99676424, 0.0], [-0.009386932, -0.0072413906, 0.007673413, 0.99999994]])
-0.009386932, -0.0072413906, 0.007673413
SIMD3<Float>(-0.076954104, -0.023542814, -1.5613521)
0.00000000
CMRotationMatrix(m11: 0.0, m12: 0.0, m13: 0.0, m21: 0.0, m22: 0.0, m23: 0.0, m31: 0.0, m32: 0.0, m33: 0.0)

36
8673.801666083
normal
simd_float4x4([[0.0054734624, -0.9970176, 0.07697948, 0.0], [0.99995416, 0.006061618, 0.0074088504, 0.0], [-0.007853374, 0.0769354, 0.9970052, 0.0], [-0.009857818, -0.0056245155, 0.010023609, 1.0]])
-0.009857818, -0.0056245155, 0.010023609
SIMD3<Float>(-0.0770115, -0.0078768, -1.5647167)
0.00000000
CMRotationMatrix(m11: 0.0, m12: 0.0, m13: 0.0, m21: 0.0, m22: 0.0, m23: 0.0, m31: 0.0, m32: 0.0, m33: 0.0)

37
8674.018307583
normal
simd_float4x4([[0.007329078, -0.9968873, 0.07849684, 0.0], [0.99994695, 0.006738216, -0.0077894325, 0.0], [0.007236259, 0.07854976, 0.996884, 0.0], [-0.013884369, -0.0070389933, 0.008560521, 0.9999999]])
-0.013884369, -0.0070389933, 0.008560521
SIMD3<Float>(-0.07863076, 0.0072587505, -1.5640372)
0.00000000
CMRotationMatrix(m11: 0.0, m12: 0.0, m13: 0.0, m21: 0.0, m22: 0.0, m23: 0.0, m31: 0.0, m32: 0.0, m33: 0.0)

38
8674.234949291
normal
simd_float4x4([[0.008044105, -0.9968522, 0.078872405, 0.0], [0.9997486, 0.006366373, -0.021499904, 0.0], [0.020930097, 0.07902552, 0.9966529, 0.0], [-0.015239693, -0.007287286, 0.009096386, 0.99999994]])
-0.015239693, -0.007287286, 0.009096386
SIMD3<Float>(-0.07910801, 0.0209973, -1.56441)
0.00000000
CMRotationMatrix(m11: 0.0, m12: 0.0, m13: 0.0, m21: 0.0, m22: 0.0, m23: 0.0, m31: 0.0, m32: 0.0, m33: 0.0)

39
8674.451590875
normal
simd_float4x4([[0.00793321, -0.9970955, 0.07574553, 0.0], [0.9995173, 0.0056315395, -0.030552248, 0.0], [0.030036949, 0.075951345, 0.996659, 0.0], [-0.017459434, -0.0068952367, 0.010551313, 0.99999994]])
-0.017459434, -0.0068952367, 0.010551313
SIMD3<Float>(-0.076024555, 0.03012852, -1.5651485)
0.00000000
CMRotationMatrix(m11: 0.0, m12: 0.0, m13: 0.0, m21: 0.0, m22: 0.0, m23: 0.0, m31: 0.0, m32: 0.0, m33: 0.0)

40
8674.668232541
normal
simd_float4x4([[0.0073204516, -0.99758327, 0.06909363, 0.0], [0.99905056, 0.004328701, -0.04335075, 0.0], [0.042946897, 0.06934538, 0.99666786, 0.0], [-0.016804896, -0.0063943155, 0.0134954695, 0.99999994]])
-0.016804896, -0.0063943155, 0.0134954695
SIMD3<Float>(-0.06940108, 0.04306384, -1.5664572)
0.00000000
CMRotationMatrix(m11: 0.0, m12: 0.0, m13: 0.0, m21: 0.0, m22: 0.0, m23: 0.0, m31: 0.0, m32: 0.0, m33: 0.0)

41
8674.884874083
normal
simd_float4x4([[0.0048778993, -0.99773186, 0.06713514, 0.0], [0.99844956, 0.0011367396, -0.05565154, 0.0], [0.055449013, 0.06730252, 0.9961906, 0.0], [-0.019039702, -0.0058752373, 0.012994433, 0.99999994]])
-0.019039702, -0.0058752373, 0.012994433
SIMD3<Float>(-0.06735343, 0.05560367, -1.569657)
0.00000000
CMRotationMatrix(m11: 0.0, m12: 0.0, m13: 0.0, m21: 0.0, m22: 0.0, m23: 0.0, m31: 0.0, m32: 0.0, m33: 0.0)

42
8675.10151575
normal
simd_float4x4([[0.006620319, -0.99752474, 0.07000311, 0.0], [0.997584, 0.0017470982, -0.06944764, 0.0], [0.06915344, 0.07029375, 0.99512637, 0.0], [-0.020431912, -0.0060131513, 0.011679586, 0.99999994]])
-0.020431912, -0.0060131513, 0.011679586
SIMD3<Float>(-0.070351765, 0.06938058, -1.569045)
0.00000000
CMRotationMatrix(m11: 0.0, m12: 0.0, m13: 0.0, m21: 0.0, m22: 0.0, m23: 0.0, m31: 0.0, m32: 0.0, m33: 0.0)

43
8675.318157583
normal
simd_float4x4([[0.007229018, -0.99716735, 0.07486578, 0.0], [0.99672097, 0.0011514141, -0.080906935, 0.0], [0.08059156, 0.07520517, 0.99390596, 0.0], [-0.021719106, -0.00722754, 0.010651838, 0.99999994]])
-0.021719106, -0.00722754, 0.010651838
SIMD3<Float>(-0.07527624, 0.080908686, -1.5696416)
0.00000000
CMRotationMatrix(m11: 0.0, m12: 0.0, m13: 0.0, m21: 0.0, m22: 0.0, m23: 0.0, m31: 0.0, m32: 0.0, m33: 0.0)

44
8675.534799458
normal
simd_float4x4([[0.007880615, -0.9969879, 0.077155754, 0.0], [0.9960015, 0.00095962617, -0.08933059, 0.0], [0.08898748, 0.07755122, 0.99300903, 0.0], [-0.025017139, -0.0068497285, 0.010438012, 0.99999994]])
-0.025017139, -0.0068497285, 0.010438012
SIMD3<Float>(-0.07762917, 0.08937523, -1.5698338)
0.00000000
CMRotationMatrix(m11: 0.0, m12: 0.0, m13: 0.0, m21: 0.0, m22: 0.0, m23: 0.0, m31: 0.0, m32: 0.0, m33: 0.0)

45
8675.751441
normal
simd_float4x4([[0.008024203, -0.9971805, 0.07460924, 0.0], [0.9945695, 0.00021631444, -0.10407454, 0.0], [0.103764966, 0.07503917, 0.9917671, 0.0], [-0.028211206, -0.006560374, 0.012661068, 0.99999994]])
-0.028211206, -0.006560374, 0.012661068
SIMD3<Float>(-0.07510977, 0.10424706, -1.5705794)
0.00000000
CMRotationMatrix(m11: 0.0, m12: 0.0, m13: 0.0, m21: 0.0, m22: 0.0, m23: 0.0, m31: 0.0, m32: 0.0, m33: 0.0)

46
8675.968082833
normal
simd_float4x4([[0.009059231, -0.99737525, 0.071835674, 0.0], [0.993217, 0.0006469162, -0.11627317, 0.0], [0.115921535, 0.07240176, 0.99061596, 0.0], [-0.029664546, -0.0059555657, 0.012380332, 0.99999994]])
-0.029664546, -0.0059555657, 0.012380332
SIMD3<Float>(-0.07246517, 0.11648986, -1.5701478)
0.00000000
CMRotationMatrix(m11: 0.0, m12: 0.0, m13: 0.0, m21: 0.0, m22: 0.0, m23: 0.0, m31: 0.0, m32: 0.0, m33: 0.0)

47
8676.184724666
normal
simd_float4x4([[0.0108980825, -0.99797195, 0.062714025, 0.0], [0.9923753, 0.0030940485, -0.123213485, 0.0], [0.12276957, 0.06357864, 0.9903965, 0.0], [-0.031212771, -0.0041603395, 0.013422211, 0.9999998]])
-0.031212771, -0.0041603395, 0.013422211
SIMD3<Float>(-0.06362155, 0.12333088, -1.567696)
0.00000000
CMRotationMatrix(m11: 0.0, m12: 0.0, m13: 0.0, m21: 0.0, m22: 0.0, m23: 0.0, m31: 0.0, m32: 0.0, m33: 0.0)

48
8676.401366208
normal
simd_float4x4([[0.011954825, -0.9981648, 0.05936369, 0.0], [0.9916208, 0.0041976636, -0.12911417, 0.0], [0.12862803, 0.060409814, 0.9898513, 0.0], [-0.030230628, -0.004462292, 0.012145629, 1.0]])
-0.030230628, -0.004462292, 0.012145629
SIMD3<Float>(-0.060446616, 0.1292227, -1.566591)
0.00000000
CMRotationMatrix(m11: 0.0, m12: 0.0, m13: 0.0, m21: 0.0, m22: 0.0, m23: 0.0, m31: 0.0, m32: 0.0, m33: 0.0)
