ARKit Data

1
11368.721086708
normal
simd_float4x4([[-0.017622441, -0.99434865, 0.10469104, 0.0], [0.9998251, -0.018181087, -0.004384145, 0.0], [0.0062627676, 0.104595475, 0.9944952, 0.0], [-0.0024640684, 0.00030342862, 0.0016338164, 1.0]])
-0.0024640684, 0.00030342862, 0.0016338164
SIMD3<Float>(-0.10478713, 0.0062973504, -1.5890787)
0.00000000
CMRotationMatrix(m11: 0.0, m12: 0.0, m13: 0.0, m21: 0.0, m22: 0.0, m23: 0.0, m31: 0.0, m32: 0.0, m33: 0.0)

2
11369.737631666
normal
simd_float4x4([[-0.03212269, -0.99217176, 0.12067873, 0.0], [0.9994489, -0.03087486, 0.0121961925, 0.0], [-0.0083747795, 0.12100398, 0.9926167, 0.0], [-0.0069717867, -0.004387576, -0.0074212565, 1.0]])
-0.0069717867, -0.004387576, -0.0074212565
SIMD3<Float>(-0.12130123, -0.008436873, -1.6019047)
0.00000000
CMRotationMatrix(m11: 0.0, m12: 0.0, m13: 0.0, m21: 0.0, m22: 0.0, m23: 0.0, m31: 0.0, m32: 0.0, m33: 0.0)

3
11370.754176666
normal
simd_float4x4([[-0.026430836, -0.99500716, 0.09624018, 0.0], [0.98985696, -0.03949362, -0.13646789, 0.0], [0.1395874, 0.09165704, 0.98595864, 0.0], [-0.018515963, -0.0026480942, -0.018564727, 0.99999994]])
-0.018515963, -0.0026480942, -0.018564727
SIMD3<Float>(-0.09178586, 0.14064063, -1.6104673)
0.00000000
CMRotationMatrix(m11: 0.0, m12: 0.0, m13: 0.0, m21: 0.0, m22: 0.0, m23: 0.0, m31: 0.0, m32: 0.0, m33: 0.0)

4
11371.770721833
normal
simd_float4x4([[-0.027603256, -0.9924246, 0.11971405, 0.0], [0.99864566, -0.0326616, -0.040499114, 0.0], [0.044102363, 0.118434, 0.99198204, 0.0], [0.075269826, -0.00982902, -0.015950048, 1.0]])
0.075269826, -0.00982902, -0.015950048
SIMD3<Float>(-0.118712634, 0.044429574, -1.6036954)
0.00000000
CMRotationMatrix(m11: 0.0, m12: 0.0, m13: 0.0, m21: 0.0, m22: 0.0, m23: 0.0, m31: 0.0, m32: 0.0, m33: 0.0)

5
11372.787267291
normal
simd_float4x4([[-0.07298182, -0.99281126, 0.094865486, 0.0], [0.99001724, -0.08361812, -0.11346335, 0.0], [0.12058015, 0.0856377, 0.9890028, 0.0], [0.1824584, -0.0022789575, -0.024305934, 1.0]])
0.1824584, -0.0022789575, -0.024305934
SIMD3<Float>(-0.08574273, 0.12132216, -1.6548216)
0.00000000
CMRotationMatrix(m11: 0.0, m12: 0.0, m13: 0.0, m21: 0.0, m22: 0.0, m23: 0.0, m31: 0.0, m32: 0.0, m33: 0.0)

6
11373.803812583
normal
simd_float4x4([[-0.0049322373, -0.99394286, 0.10978745, 0.0], [0.9449321, -0.04055906, -0.3247435, 0.0], [0.32722938, 0.10213996, 0.9394086, 0.0], [0.011550722, -0.00048639008, -0.03238615, 0.99999994]])
0.011550722, -0.00048639008, -0.03238615
SIMD3<Float>(-0.10231839, 0.33519122, -1.6115799)
0.00000000
CMRotationMatrix(m11: 0.0, m12: 0.0, m13: 0.0, m21: 0.0, m22: 0.0, m23: 0.0, m31: 0.0, m32: 0.0, m33: 0.0)

7
11374.820358125
normal
simd_float4x4([[-0.01607254, -0.9954963, 0.093428314, 0.0], [0.9986988, -0.011460335, 0.04969483, 0.0], [-0.048400298, 0.09410545, 0.9943851, 0.0], [-0.03965291, -0.016010601, -0.029190883, 1.0000001]])
-0.03965291, -0.016010601, -0.029190883
SIMD3<Float>(-0.094244905, -0.04863521, -1.582308)
0.00000000
CMRotationMatrix(m11: 0.0, m12: 0.0, m13: 0.0, m21: 0.0, m22: 0.0, m23: 0.0, m31: 0.0, m32: 0.0, m33: 0.0)

8
11375.836903708
normal
simd_float4x4([[-0.014003931, -0.9946465, 0.10238313, 0.0], [0.99956983, -0.016564764, -0.02420497, 0.0], [0.025771335, 0.1020001, 0.99445057, 0.0], [0.12326885, -0.017140942, -0.0068290024, 1.0]])
0.12326885, -0.017140942, -0.0068290024
SIMD3<Float>(-0.102177806, 0.02590935, -1.5874487)
0.00000000
CMRotationMatrix(m11: 0.0, m12: 0.0, m13: 0.0, m21: 0.0, m22: 0.0, m23: 0.0, m31: 0.0, m32: 0.0, m33: 0.0)

9
11376.853449375
normal
simd_float4x4([[0.00041531405, -0.9928704, 0.11919846, 0.0], [0.99930584, -0.0040284907, -0.037037358, 0.0], [0.037253484, 0.11913109, 0.99217945, 0.0], [0.08352087, -0.018370798, -0.021205146, 1.0]])
0.08352087, -0.018370798, -0.021205146
SIMD3<Float>(-0.119414695, 0.037529495, -1.5748538)
0.00000000
CMRotationMatrix(m11: 0.0, m12: 0.0, m13: 0.0, m21: 0.0, m22: 0.0, m23: 0.0, m31: 0.0, m32: 0.0, m33: 0.0)

10
11377.869995291
normal
simd_float4x4([[0.020577652, -0.99121964, 0.13061473, 0.0], [0.99307954, 0.035373405, 0.1119902, 0.0], [-0.115627155, 0.12740631, 0.9850879, 0.0], [0.07851465, -0.01953174, -0.028585566, 1.0]])
0.07851465, -0.01953174, -0.028585566
SIMD3<Float>(-0.12775354, -0.11684286, -1.5351247)
0.00000000
CMRotationMatrix(m11: 0.0, m12: 0.0, m13: 0.0, m21: 0.0, m22: 0.0, m23: 0.0, m31: 0.0, m32: 0.0, m33: 0.0)

11
11378.88654125
normal
simd_float4x4([[-0.0035872823, -0.9889923, 0.14792368, 0.0], [0.99425036, 0.0123036625, 0.10637166, 0.0], [-0.10702075, 0.14745472, 0.98326176, 0.0], [0.08663343, -0.01673007, -0.017421644, 1.0]])
0.08663343, -0.01673007, -0.017421644
SIMD3<Float>(-0.14799437, -0.108415805, -1.5583564)
0.00000000
CMRotationMatrix(m11: 0.0, m12: 0.0, m13: 0.0, m21: 0.0, m22: 0.0, m23: 0.0, m31: 0.0, m32: 0.0, m33: 0.0)

12
11379.90308725
normal
simd_float4x4([[0.010282291, -0.98009473, 0.19826405, 0.0], [0.99113774, -0.016271496, -0.1318382, 0.0], [0.13243997, 0.19786255, 0.97124153, 0.0], [0.059692014, -0.02702584, -0.026647227, 1.0000001]])
0.059692014, -0.02702584, -0.026647227
SIMD3<Float>(-0.19917688, 0.13552564, -1.5873967)
0.00000000
CMRotationMatrix(m11: 0.0, m12: 0.0, m13: 0.0, m21: 0.0, m22: 0.0, m23: 0.0, m31: 0.0, m32: 0.0, m33: 0.0)

13
11380.919633416
normal
simd_float4x4([[-0.05749513, -0.99595, 0.0691229, 0.0], [0.976784, -0.070430376, -0.2023181, 0.0], [0.20636708, 0.055885844, 0.97687745, 0.0], [0.07109325, -0.010286114, -0.030202061, 1.0000001]])
0.07109325, -0.010286114, -0.030202061
SIMD3<Float>(-0.055914976, 0.20819077, -1.6413956)
0.00000000
CMRotationMatrix(m11: 0.0, m12: 0.0, m13: 0.0, m21: 0.0, m22: 0.0, m23: 0.0, m31: 0.0, m32: 0.0, m33: 0.0)

14
11381.936179458
normal
simd_float4x4([[-0.057257865, -0.99751586, -0.041031156, 0.0], [0.9921783, -0.052289065, -0.11334894, 0.0], [0.11092189, -0.047200345, 0.99270767, 0.0], [0.07159308, -0.0066780983, -0.022083187, 0.99999994]])
0.07159308, -0.0066780983, -0.022083187
SIMD3<Float>(0.047217887, 0.11127515, -1.6231676)
0.00000000
CMRotationMatrix(m11: 0.0, m12: 0.0, m13: 0.0, m21: 0.0, m22: 0.0, m23: 0.0, m31: 0.0, m32: 0.0, m33: 0.0)

15
11382.952725833
normal
simd_float4x4([[-0.04978991, -0.9936593, -0.10080712, 0.0], [0.99859124, -0.047673427, -0.023298105, 0.0], [0.018344559, -0.10182512, 0.9946332, 0.0], [0.076732665, -0.004494352, -0.018331457, 0.99999994]])
0.076732665, -0.004494352, -0.018331457
SIMD3<Float>(0.102001905, 0.01844145, -1.6187372)
0.00000000
CMRotationMatrix(m11: 0.0, m12: 0.0, m13: 0.0, m21: 0.0, m22: 0.0, m23: 0.0, m31: 0.0, m32: 0.0, m33: 0.0)

16
11383.969272125
normal
simd_float4x4([[-0.0018390063, -0.9983211, 0.057893228, 0.0], [0.9998521, -0.000845485, 0.017181091, 0.0], [-0.017103298, 0.057916254, 0.998175, 0.0], [0.044566054, -0.026594944, -0.020230057, 1.0]])
0.044566054, -0.026594944, -0.020230057
SIMD3<Float>(-0.057948682, -0.017132891, -1.5716432)
0.00000000
CMRotationMatrix(m11: 0.0, m12: 0.0, m13: 0.0, m21: 0.0, m22: 0.0, m23: 0.0, m31: 0.0, m32: 0.0, m33: 0.0)

17
11384.9858185
normal
simd_float4x4([[-0.030925507, -0.9889366, 0.145079, 0.0], [0.9981442, -0.022937892, 0.056410577, 0.0], [-0.052458685, 0.14655428, 0.98781073, 0.0], [0.016703788, -0.028724182, -0.014959859, 1.0]])
0.016703788, -0.028724182, -0.014959859
SIMD3<Float>(-0.14708403, -0.05305617, -1.5939866)
0.00000000
CMRotationMatrix(m11: 0.0, m12: 0.0, m13: 0.0, m21: 0.0, m22: 0.0, m23: 0.0, m31: 0.0, m32: 0.0, m33: 0.0)
