ARKit Data

1
8611.285194041
normal
simd_float4x4([[-0.029242288, -0.99504703, 0.09500638, 0.0], [0.99402463, -0.018948263, 0.10749952, 0.0], [-0.105166875, 0.0975822, 0.98965544, 0.0], [-0.000108907465, -0.0005976856, 0.0011009669, 1.0]])
-0.000108907465, -0.0005976856, 0.0011009669
SIMD3<Float>(-0.09773774, -0.10586884, -1.5898366)
0.00000000
CMRotationMatrix(m11: 0.0, m12: 0.0, m13: 0.0, m21: 0.0, m22: 0.0, m23: 0.0, m31: 0.0, m32: 0.0, m33: 0.0)

2
8611.501834875
normal
simd_float4x4([[-0.030624723, -0.9937059, 0.10775176, 0.0], [0.9948799, -0.019917022, 0.09908198, 0.0], [-0.09631228, 0.11023442, 0.98922807, 0.0], [0.0001005761, -0.00027977928, -0.0025110964, 0.9999999]])
0.0001005761, -0.00027977928, -0.0025110964
SIMD3<Float>(-0.1104589, -0.097055145, -1.5908368)
0.00000000
CMRotationMatrix(m11: 0.0, m12: 0.0, m13: 0.0, m21: 0.0, m22: 0.0, m23: 0.0, m31: 0.0, m32: 0.0, m33: 0.0)

3
8611.718476041
normal
simd_float4x4([[-0.030091511, -0.9934129, 0.11056774, 0.0], [0.995434, -0.019758759, 0.093386225, 0.0], [-0.09058641, 0.112873, 0.98947155, 0.0], [0.0005491809, 0.00044109672, -0.0004017967, 1.0]])
0.0005491809, 0.00044109672, -0.0004017967
SIMD3<Float>(-0.11311406, -0.09129579, -1.5906835)
0.00000000
CMRotationMatrix(m11: 0.0, m12: 0.0, m13: 0.0, m21: 0.0, m22: 0.0, m23: 0.0, m31: 0.0, m32: 0.0, m33: 0.0)

4
8611.935117125
normal
simd_float4x4([[-0.027868927, -0.9924792, 0.11919828, 0.0], [0.99607056, -0.0175441, 0.086807154, 0.0], [-0.084063075, 0.12114912, 0.9890683, 0.0], [-0.0005064327, 0.0002888739, 0.00072131725, 1.0]])
-0.0005064327, 0.0002888739, 0.00072131725
SIMD3<Float>(-0.12144745, -0.08478841, -1.5884715)
0.00000000
CMRotationMatrix(m11: 0.0, m12: 0.0, m13: 0.0, m21: 0.0, m22: 0.0, m23: 0.0, m31: 0.0, m32: 0.0, m33: 0.0)

5
8612.15175825
normal
simd_float4x4([[-0.025652265, -0.9912286, 0.12964514, 0.0], [0.99675846, -0.015469099, 0.07895167, 0.0], [-0.076253645, 0.13125016, 0.9884123, 0.0], [-0.00018920076, 0.00014775127, 0.0009887088, 1.0000001]])
-0.00018920076, 0.00014775127, 0.0009887088
SIMD3<Float>(-0.13162994, -0.0769951, -1.5864011)
0.00000000
CMRotationMatrix(m11: 0.0, m12: 0.0, m13: 0.0, m21: 0.0, m22: 0.0, m23: 0.0, m31: 0.0, m32: 0.0, m33: 0.0)

6
8612.368399291
normal
simd_float4x4([[-0.023355851, -0.99075085, 0.1336684, 0.0], [0.99739736, -0.0139692575, 0.0707348, 0.0], [-0.06821332, 0.13497256, 0.9884985, 0.0], [0.0007013078, 0.0005359873, 0.0020696223, 1.0]])
0.0007013078, 0.0005359873, 0.0020696223
SIMD3<Float>(-0.13538577, -0.068897784, -1.584895)
0.00000000
CMRotationMatrix(m11: 0.0, m12: 0.0, m13: 0.0, m21: 0.0, m22: 0.0, m23: 0.0, m31: 0.0, m32: 0.0, m33: 0.0)

7
8612.585040458
normal
simd_float4x4([[-0.020045806, -0.9908302, 0.13361776, 0.0], [0.99794304, -0.011689579, 0.06303193, 0.0], [-0.060891997, 0.13460645, 0.9890264, 0.0], [0.00084787514, 0.0005694367, 0.002192572, 1.0]])
0.00084787514, 0.0005694367, 0.002192572
SIMD3<Float>(-0.13501629, -0.06149, -1.5825936)
0.00000000
CMRotationMatrix(m11: 0.0, m12: 0.0, m13: 0.0, m21: 0.0, m22: 0.0, m23: 0.0, m31: 0.0, m32: 0.0, m33: 0.0)

8
8612.801681583
normal
simd_float4x4([[-0.017160788, -0.99116963, 0.13148494, 0.0], [0.9983653, -0.009815844, 0.05630735, 0.0], [-0.054519493, 0.13223627, 0.9897178, 0.0], [0.0010171314, 0.00020292774, 0.0017948678, 1.0]])
0.0010171314, 0.00020292774, 0.0017948678
SIMD3<Float>(-0.13262473, -0.055030283, -1.5806993)
0.00000000
CMRotationMatrix(m11: 0.0, m12: 0.0, m13: 0.0, m21: 0.0, m22: 0.0, m23: 0.0, m31: 0.0, m32: 0.0, m33: 0.0)

9
8613.01832275
normal
simd_float4x4([[-0.01461945, -0.991642, 0.12818904, 0.0], [0.99880505, -0.008503635, 0.04812751, 0.0], [-0.04663518, 0.12873945, 0.99058133, 0.0], [0.00066722604, 0.00015062094, 0.0023654422, 1.0]])
0.00066722604, 0.00015062094, 0.0023654422
SIMD3<Float>(-0.12909774, -0.047043864, -1.5793715)
0.00000000
CMRotationMatrix(m11: 0.0, m12: 0.0, m13: 0.0, m21: 0.0, m22: 0.0, m23: 0.0, m31: 0.0, m32: 0.0, m33: 0.0)

10
8613.23496375
normal
simd_float4x4([[-0.009385211, -0.9922992, 0.123507455, 0.0], [0.99935895, -0.005040456, 0.03544364, 0.0], [-0.034548163, 0.123760924, 0.9917105, 0.0], [-0.0013692938, -0.0004782267, 0.0019186253, 1.0]])
-0.0013692938, -0.0004782267, 0.0019186253
SIMD3<Float>(-0.124079056, -0.034822863, -1.5758759)
0.00000000
CMRotationMatrix(m11: 0.0, m12: 0.0, m13: 0.0, m21: 0.0, m22: 0.0, m23: 0.0, m31: 0.0, m32: 0.0, m33: 0.0)

11
8613.451605
normal
simd_float4x4([[-0.0075139673, -0.99209255, 0.12528321, 0.0], [0.999643, -0.0042400383, 0.02637843, 0.0], [-0.025638636, 0.1254367, 0.9917703, 0.0], [-0.0029155153, -0.00090767816, 0.0033720832, 1.0]])
-0.0029155153, -0.00090767816, 0.0033720832
SIMD3<Float>(-0.12576799, -0.025845628, -1.5750701)
0.00000000
CMRotationMatrix(m11: 0.0, m12: 0.0, m13: 0.0, m21: 0.0, m22: 0.0, m23: 0.0, m31: 0.0, m32: 0.0, m33: 0.0)

12
8613.668246125
normal
simd_float4x4([[-0.0050471383, -0.9917633, 0.12798497, 0.0], [0.9998729, -0.0030687177, 0.015650705, 0.0], [-0.015129044, 0.12804766, 0.99165267, 0.0], [-0.003524331, -0.0014269017, 0.0031400253, 1.0]])
-0.003524331, -0.0014269017, 0.0031400253
SIMD3<Float>(-0.12840018, -0.01525521, -1.5738906)
0.00000000
CMRotationMatrix(m11: 0.0, m12: 0.0, m13: 0.0, m21: 0.0, m22: 0.0, m23: 0.0, m31: 0.0, m32: 0.0, m33: 0.0)

13
8613.8848875
normal
simd_float4x4([[-0.0011603576, -0.9917072, 0.12851226, 0.0], [0.9999991, -0.001243271, -0.00056496076, 0.0], [0.00072005164, 0.12851149, 0.9917078, 0.0], [-0.005133618, -0.0014023446, 0.0040206336, 1.0]])
-0.005133618, -0.0014023446, 0.0040206336
SIMD3<Float>(-0.12886788, 0.00072607223, -1.57205)
0.00000000
CMRotationMatrix(m11: 0.0, m12: 0.0, m13: 0.0, m21: 0.0, m22: 0.0, m23: 0.0, m31: 0.0, m32: 0.0, m33: 0.0)

14
8614.101528708
normal
simd_float4x4([[0.0024543165, -0.99157554, 0.12950662, 0.0], [0.9999483, 0.0011550945, -0.01010625, 0.0], [0.009871518, 0.12952472, 0.99152714, 0.0], [-0.005224338, -0.0012839524, 0.0043043927, 0.99999994]])
-0.005224338, -0.0012839524, 0.0043043927
SIMD3<Float>(-0.12988965, 0.009955544, -1.5696315)
0.00000000
CMRotationMatrix(m11: 0.0, m12: 0.0, m13: 0.0, m21: 0.0, m22: 0.0, m23: 0.0, m31: 0.0, m32: 0.0, m33: 0.0)

15
8614.318169875
normal
simd_float4x4([[0.0042122263, -0.9919313, 0.12670667, 0.0], [0.9999569, 0.003129815, -0.008740528, 0.0], [0.008273434, 0.12673803, 0.99190176, 0.0], [-0.0051916237, -0.0010947958, 0.0049731974, 1.0]])
-0.0051916237, -0.0010947958, 0.0049731974
SIMD3<Float>(-0.12707978, 0.008340788, -1.567641)
0.00000000
CMRotationMatrix(m11: 0.0, m12: 0.0, m13: 0.0, m21: 0.0, m22: 0.0, m23: 0.0, m31: 0.0, m32: 0.0, m33: 0.0)

16
8614.534811208
normal
simd_float4x4([[0.0042058756, -0.99209946, 0.12538312, 0.0], [0.9999829, 0.0046850136, 0.0035267628, 0.0], [-0.0040863208, 0.12536614, 0.99210215, 0.0], [-0.00373202, -0.001712624, 0.0040460513, 1.0]])
-0.00373202, -0.001712624, 0.0040460513
SIMD3<Float>(-0.12569687, -0.0041188276, -1.566074)
0.00000000
CMRotationMatrix(m11: 0.0, m12: 0.0, m13: 0.0, m21: 0.0, m22: 0.0, m23: 0.0, m31: 0.0, m32: 0.0, m33: 0.0)

17
8614.751452333
normal
simd_float4x4([[0.0025783817, -0.9919822, 0.12635121, 0.0], [0.99976265, 0.005290729, 0.021135844, 0.0], [-0.021634871, 0.12626672, 0.99176043, 0.0], [-0.0021945662, -0.0023948513, 0.0018768539, 1.0]])
-0.0021945662, -0.0023948513, 0.0018768539
SIMD3<Float>(-0.12660466, -0.021811156, -1.5654628)
0.00000000
CMRotationMatrix(m11: 0.0, m12: 0.0, m13: 0.0, m21: 0.0, m22: 0.0, m23: 0.0, m31: 0.0, m32: 0.0, m33: 0.0)

18
8614.968093583
normal
simd_float4x4([[-0.0006068108, -0.9910141, 0.1337557, 0.0], [0.9989409, 0.0055533904, 0.045677725, 0.0], [-0.04601007, 0.13364175, 0.9899611, 0.0], [-0.0005571875, -0.00469286, -0.0017376627, 1.0]])
-0.0005571875, -0.00469286, -0.0017376627
SIMD3<Float>(-0.13404278, -0.046443224, -1.5651927)
0.00000000
CMRotationMatrix(m11: 0.0, m12: 0.0, m13: 0.0, m21: 0.0, m22: 0.0, m23: 0.0, m31: 0.0, m32: 0.0, m33: 0.0)

19
8615.184734875
normal
simd_float4x4([[-0.0027998195, -0.9913554, 0.13117433, 0.0], [0.99806094, 0.005386485, 0.062011458, 0.0], [-0.062181953, 0.13109359, 0.98941797, 0.0], [0.0003117239, -0.0020401664, -0.0010390664, 1.0]])
0.0003117239, -0.0020401664, -0.0010390664
SIMD3<Float>(-0.131472, -0.06276446, -1.5653629)
0.00000000
CMRotationMatrix(m11: 0.0, m12: 0.0, m13: 0.0, m21: 0.0, m22: 0.0, m23: 0.0, m31: 0.0, m32: 0.0, m33: 0.0)

20
8615.401376166
normal
simd_float4x4([[-0.0032235454, -0.99118, 0.13248315, 0.0], [0.9968654, 0.0072878688, 0.07878007, 0.0], [-0.07905075, 0.1323218, 0.9880496, 0.0], [0.0019149104, -0.00046228743, 0.0011024852, 0.99999994]])
0.0019149104, -0.00046228743, 0.0011024852
SIMD3<Float>(-0.13271102, -0.0798368, -1.5634438)
0.00000000
CMRotationMatrix(m11: 0.0, m12: 0.0, m13: 0.0, m21: 0.0, m22: 0.0, m23: 0.0, m31: 0.0, m32: 0.0, m33: 0.0)

21
8615.618017458
normal
simd_float4x4([[-0.006203982, -0.99134195, 0.13115937, 0.0], [0.995304, 0.0065488787, 0.09657738, 0.0], [-0.09660015, 0.13114257, 0.98664594, 0.0], [0.002716683, 0.0005645963, 0.0044069695, 1.0000001]])
0.002716683, 0.0005645963, 0.0044069695
SIMD3<Float>(-0.13152142, -0.09759656, -1.5641904)
0.00000000
CMRotationMatrix(m11: 0.0, m12: 0.0, m13: 0.0, m21: 0.0, m22: 0.0, m23: 0.0, m31: 0.0, m32: 0.0, m33: 0.0)

22
8615.834658916
normal
simd_float4x4([[-0.010558317, -0.99098694, 0.13354209, 0.0], [0.9923455, 0.006048714, 0.12334459, 0.0], [-0.12304064, 0.1338222, 0.9833376, 0.0], [0.0046429196, 0.0008913614, 0.005870177, 1.0]])
0.0046429196, 0.0008913614, 0.005870177
SIMD3<Float>(-0.13422488, -0.12447859, -1.5646926)
0.00000000
CMRotationMatrix(m11: 0.0, m12: 0.0, m13: 0.0, m21: 0.0, m22: 0.0, m23: 0.0, m31: 0.0, m32: 0.0, m33: 0.0)

23
8616.051300208
normal
simd_float4x4([[-0.012019834, -0.98996407, 0.14080687, 0.0], [0.9891888, 0.008810294, 0.1463832, 0.0], [-0.14615466, 0.14104405, 0.9791555, 0.0], [0.004341988, -0.00049991906, 0.0036344023, 1.0]])
0.004341988, -0.00049991906, 0.0036344023
SIMD3<Float>(-0.14151593, -0.14817207, -1.5618969)
0.00000000
CMRotationMatrix(m11: 0.0, m12: 0.0, m13: 0.0, m21: 0.0, m22: 0.0, m23: 0.0, m31: 0.0, m32: 0.0, m33: 0.0)

24
8616.267941708
normal
simd_float4x4([[-0.011679773, -0.98990124, 0.14127657, 0.0], [0.9877935, 0.010525349, 0.15541333, 0.0], [-0.15533082, 0.14136724, 0.97769517, 0.0], [0.0053749545, -0.00037698573, 0.005811792, 0.99999994]])
0.0053749545, -0.00037698573, 0.005811792
SIMD3<Float>(-0.1418424, -0.15755765, -1.560164)
0.00000000
CMRotationMatrix(m11: 0.0, m12: 0.0, m13: 0.0, m21: 0.0, m22: 0.0, m23: 0.0, m31: 0.0, m32: 0.0, m33: 0.0)

25
8616.484583041
normal
simd_float4x4([[-0.016484952, -0.987537, 0.15652125, 0.0], [0.9870337, 0.008924852, 0.1602647, 0.0], [-0.15966424, 0.15713368, 0.97458524, 0.0], [0.0068750083, -0.0009695366, 0.0064683366, 1.0]])
0.0068750083, -0.0009695366, 0.0064683366
SIMD3<Float>(-0.1577876, -0.16238536, -1.5617591)
0.00000000
CMRotationMatrix(m11: 0.0, m12: 0.0, m13: 0.0, m21: 0.0, m22: 0.0, m23: 0.0, m31: 0.0, m32: 0.0, m33: 0.0)

26
8616.701224375
normal
simd_float4x4([[-0.020638468, -0.9848619, 0.17210768, 0.0], [0.9869433, 0.007435093, 0.16089658, 0.0], [-0.15974058, 0.17318118, 0.97184944, 0.0], [0.007202206, -0.0016571432, 0.0071198167, 1.0]])
0.007202206, -0.0016571432, 0.0071198167
SIMD3<Float>(-0.17405874, -0.16291094, -1.5632471)
0.00000000
CMRotationMatrix(m11: 0.0, m12: 0.0, m13: 0.0, m21: 0.0, m22: 0.0, m23: 0.0, m31: 0.0, m32: 0.0, m33: 0.0)

27
8616.917865708
normal
simd_float4x4([[-0.023268377, -0.9848877, 0.17162395, 0.0], [0.9868706, 0.00481714, 0.16144148, 0.0], [-0.15982845, 0.17312708, 0.97184455, 0.0], [0.0069356337, -0.0015897825, 0.008432272, 1.0]])
0.0069356337, -0.0015897825, 0.008432272
SIMD3<Float>(-0.17400382, -0.16299978, -1.5659053)
0.00000000
CMRotationMatrix(m11: 0.0, m12: 0.0, m13: 0.0, m21: 0.0, m22: 0.0, m23: 0.0, m31: 0.0, m32: 0.0, m33: 0.0)

28
8617.134507083
normal
simd_float4x4([[-0.026166933, -0.9854058, 0.16819862, 0.0], [0.9887492, -0.0007236899, 0.14958154, 0.0], [-0.14727679, 0.17022033, 0.97433805, 0.0], [0.006596466, -0.001205006, 0.009847405, 0.99999994]])
0.006596466, -0.001205006, 0.009847405
SIMD3<Float>(-0.17105326, -0.15002006, -1.5715307)
0.00000000
CMRotationMatrix(m11: 0.0, m12: 0.0, m13: 0.0, m21: 0.0, m22: 0.0, m23: 0.0, m31: 0.0, m32: 0.0, m33: 0.0)

29
8617.351148458
normal
simd_float4x4([[-0.027202535, -0.98522156, 0.16911088, 0.0], [0.99066633, -0.003965559, 0.13625193, 0.0], [-0.13356772, 0.17123882, 0.9761337, 0.0], [0.0063673523, -0.001526141, 0.007081092, 0.99999994]])
0.0063673523, -0.001526141, 0.007081092
SIMD3<Float>(-0.17208692, -0.1359889, -1.5748214)
0.00000000
CMRotationMatrix(m11: 0.0, m12: 0.0, m13: 0.0, m21: 0.0, m22: 0.0, m23: 0.0, m31: 0.0, m32: 0.0, m33: 0.0)

30
8617.567789916
normal
simd_float4x4([[-0.026993131, -0.9867445, 0.16002063, 0.0], [0.99171114, -0.006317217, 0.12833287, 0.0], [-0.12562089, 0.16215833, 0.9787359, 0.0], [0.0075132768, -0.0013622431, 0.0075927335, 0.99999994]])
0.0075132768, -0.0013622431, 0.0075927335
SIMD3<Float>(-0.16287753, -0.12765221, -1.5771983)
0.00000000
CMRotationMatrix(m11: 0.0, m12: 0.0, m13: 0.0, m21: 0.0, m22: 0.0, m23: 0.0, m31: 0.0, m32: 0.0, m33: 0.0)

31
8617.784431333
normal
simd_float4x4([[-0.025503952, -0.98803735, 0.15209126, 0.0], [0.99188936, -0.006060059, 0.12696019, 0.0], [-0.12451972, 0.15409565, 0.9801783, 0.0], [0.008410545, 0.00016405806, 0.006612495, 1.0]])
0.008410545, 0.00016405806, 0.006612495
SIMD3<Float>(-0.15471211, -0.12636097, -1.5769297)
0.00000000
CMRotationMatrix(m11: 0.0, m12: 0.0, m13: 0.0, m21: 0.0, m22: 0.0, m23: 0.0, m31: 0.0, m32: 0.0, m33: 0.0)

32
8618.001072833
normal
simd_float4x4([[-0.02502238, -0.9906892, 0.13382366, 0.0], [0.99159366, -0.007597017, 0.12916811, 0.0], [-0.1269488, 0.13593078, 0.9825513, 0.0], [0.008783255, 0.0029766771, 0.005973654, 1.0000001]])
0.008783255, 0.0029766771, 0.005973654
SIMD3<Float>(-0.1363529, -0.1284914, -1.5784646)
0.00000000
CMRotationMatrix(m11: 0.0, m12: 0.0, m13: 0.0, m21: 0.0, m22: 0.0, m23: 0.0, m31: 0.0, m32: 0.0, m33: 0.0)

33
8618.217714375
normal
simd_float4x4([[-0.022004476, -0.9934105, 0.11247848, 0.0], [0.9907905, -0.00663381, 0.13524126, 0.0], [-0.13360393, 0.11441851, 0.9844077, 0.0], [0.00772457, 0.004116848, 0.0051590363, 1.0]])
0.00772457, 0.004116848, 0.0051590363
SIMD3<Float>(-0.11466964, -0.13489589, -1.577474)
0.00000000
CMRotationMatrix(m11: 0.0, m12: 0.0, m13: 0.0, m21: 0.0, m22: 0.0, m23: 0.0, m31: 0.0, m32: 0.0, m33: 0.0)

34
8618.434355875
normal
simd_float4x4([[-0.024208618, -0.9944933, 0.10196568, 0.0], [0.9912924, -0.010673972, 0.13124637, 0.0], [-0.12943526, 0.10425508, 0.9860921, 0.0], [0.007854693, 0.0064113513, 0.0064950315, 1.0]])
0.007854693, 0.0064113513, 0.0064950315
SIMD3<Float>(-0.10444487, -0.13051467, -1.581529)
0.00000000
CMRotationMatrix(m11: 0.0, m12: 0.0, m13: 0.0, m21: 0.0, m22: 0.0, m23: 0.0, m31: 0.0, m32: 0.0, m33: 0.0)

35
8618.650997125
normal
simd_float4x4([[-0.024018379, -0.9952739, 0.094089784, 0.0], [0.99095106, -0.0112698, 0.13374986, 0.0], [-0.13205738, 0.09645083, 0.9865385, 0.0], [0.008501792, 0.008377604, 0.0058176457, 1.0]])
0.008501792, 0.008377604, 0.0058176457
SIMD3<Float>(-0.096601, -0.13306831, -1.5821191)
0.00000000
CMRotationMatrix(m11: 0.0, m12: 0.0, m13: 0.0, m21: 0.0, m22: 0.0, m23: 0.0, m31: 0.0, m32: 0.0, m33: 0.0)

36
8618.867638583
normal
simd_float4x4([[-0.023632692, -0.9961629, 0.08426734, 0.0], [0.99052835, -0.011927706, 0.1367898, 0.0], [-0.13525979, 0.086701885, 0.9870094, 0.0], [0.008550867, 0.009817902, 0.0057435688, 1.0]])
0.008550867, 0.009817902, 0.0057435688
SIMD3<Float>(-0.08681088, -0.1361917, -1.5827694)
0.00000000
CMRotationMatrix(m11: 0.0, m12: 0.0, m13: 0.0, m21: 0.0, m22: 0.0, m23: 0.0, m31: 0.0, m32: 0.0, m33: 0.0)

37
8619.084280166
normal
simd_float4x4([[-0.023779329, -0.9969084, 0.074887335, 0.0], [0.9907371, -0.013481698, 0.13512354, 0.0], [-0.13369618, 0.07740681, 0.98799473, 0.0], [0.007955304, 0.0130238235, 0.009038521, 1.0]])
0.007955304, 0.0130238235, 0.009038521
SIMD3<Float>(-0.07748432, -0.13450372, -1.584319)
0.00000000
CMRotationMatrix(m11: 0.0, m12: 0.0, m13: 0.0, m21: 0.0, m22: 0.0, m23: 0.0, m31: 0.0, m32: 0.0, m33: 0.0)

38
8619.300921625
normal
simd_float4x4([[-0.023497641, -0.9975616, 0.06571694, 0.0], [0.9913625, -0.01476667, 0.13031672, 0.0], [-0.12902854, 0.068211436, 0.98929214, 0.0], [0.0071913707, 0.012102029, 0.008901146, 0.99999994]])
0.0071913707, 0.012102029, 0.008901146
SIMD3<Float>(-0.06826444, -0.12969303, -1.585598)
0.00000000
CMRotationMatrix(m11: 0.0, m12: 0.0, m13: 0.0, m21: 0.0, m22: 0.0, m23: 0.0, m31: 0.0, m32: 0.0, m33: 0.0)

39
8619.517563166
normal
simd_float4x4([[-0.025754992, -0.9979657, 0.058319546, 0.0], [0.9920962, -0.018349448, 0.12413173, 0.0], [-0.122809075, 0.0610556, 0.99055046, 0.0], [0.008249837, 0.011657327, 0.010665244, 1.0]])
0.008249837, 0.011657327, 0.010665244
SIMD3<Float>(-0.0610936, -0.12335119, -1.5891811)
0.00000000
CMRotationMatrix(m11: 0.0, m12: 0.0, m13: 0.0, m21: 0.0, m22: 0.0, m23: 0.0, m31: 0.0, m32: 0.0, m33: 0.0)

40
8619.734204541
normal
simd_float4x4([[-0.018684354, -0.99887735, 0.043531675, 0.0], [0.9926608, -0.013329908, 0.12019482, 0.0], [-0.11947962, 0.045457944, 0.9917955, 0.0], [0.007824381, 0.010884073, 0.012228414, 1.0]])
0.007824381, 0.010884073, 0.012228414
SIMD3<Float>(-0.045473617, -0.11989026, -1.5841404)
0.00000000
CMRotationMatrix(m11: 0.0, m12: 0.0, m13: 0.0, m21: 0.0, m22: 0.0, m23: 0.0, m31: 0.0, m32: 0.0, m33: 0.0)

41
8619.950846166
normal
simd_float4x4([[-0.013794052, -0.99922055, 0.03698754, 0.0], [0.99331445, -0.009453688, 0.11505258, 0.0], [-0.11461323, 0.038327295, 0.9926706, 0.0], [0.0076099476, 0.010373615, 0.012713894, 1.0]])
0.0076099476, 0.010373615, 0.012713894
SIMD3<Float>(-0.038336687, -0.114950486, -1.580257)
0.00000000
CMRotationMatrix(m11: 0.0, m12: 0.0, m13: 0.0, m21: 0.0, m22: 0.0, m23: 0.0, m31: 0.0, m32: 0.0, m33: 0.0)

42
8620.167487666
normal
simd_float4x4([[-0.011730701, -0.9996881, 0.022047715, 0.0], [0.9933459, -0.009124254, 0.11480712, 0.0], [-0.11457015, 0.023247773, 0.99314314, 0.0], [0.0076064942, 0.010358345, 0.01754206, 1.0]])
0.0076064942, 0.010358345, 0.01754206
SIMD3<Float>(-0.023249868, -0.114853464, -1.5799232)
0.00000000
CMRotationMatrix(m11: 0.0, m12: 0.0, m13: 0.0, m21: 0.0, m22: 0.0, m23: 0.0, m31: 0.0, m32: 0.0, m33: 0.0)

43
8620.384128958
normal
simd_float4x4([[-0.013125123, -0.9999119, 0.0019775538, 0.0], [0.99322325, -0.012808869, 0.115514524, 0.0], [-0.11547902, 0.0034802943, 0.99330384, 0.0], [0.0077689863, 0.010461907, 0.02092215, 0.99999994]])
0.0077689863, 0.010461907, 0.02092215
SIMD3<Float>(-0.0034803012, -0.11573794, -1.5836056)
0.00000000
CMRotationMatrix(m11: 0.0, m12: 0.0, m13: 0.0, m21: 0.0, m22: 0.0, m23: 0.0, m31: 0.0, m32: 0.0, m33: 0.0)

44
8620.600770458
normal
simd_float4x4([[-0.015462842, -0.99985725, -0.006800564, 0.0], [0.9930831, -0.016149081, 0.11629762, 0.0], [-0.116390854, -0.004955233, 0.9931912, 0.0], [0.0077912402, 0.010115157, 0.023509972, 0.99999994]])
0.0077912402, 0.010115157, 0.023509972
SIMD3<Float>(0.0049552536, -0.11665669, -1.5869464)
0.00000000
CMRotationMatrix(m11: 0.0, m12: 0.0, m13: 0.0, m21: 0.0, m22: 0.0, m23: 0.0, m31: 0.0, m32: 0.0, m33: 0.0)

45
8620.817412125
normal
simd_float4x4([[-0.017069524, -0.9998122, -0.009176814, 0.0], [0.99294525, -0.018027967, 0.1171953, 0.0], [-0.11733874, -0.0071116057, 0.99306655, 0.0], [0.0071518645, 0.00997309, 0.024838734, 1.0]])
0.0071518645, 0.00997309, 0.024838734
SIMD3<Float>(0.007111666, -0.11761267, -1.5888257)
0.00000000
CMRotationMatrix(m11: 0.0, m12: 0.0, m13: 0.0, m21: 0.0, m22: 0.0, m23: 0.0, m31: 0.0, m32: 0.0, m33: 0.0)

46
8621.03405375
normal
simd_float4x4([[-0.017564187, -0.9998315, -0.0053464836, 0.0], [0.9934239, -0.01805621, 0.113062575, 0.0], [-0.11314004, -0.0033254712, 0.99357355, 0.0], [0.006530258, 0.009470485, 0.023616357, 1.0]])
0.006530258, 0.009470485, 0.023616357
SIMD3<Float>(0.0033254772, -0.11338344, -1.5888536)
0.00000000
CMRotationMatrix(m11: 0.0, m12: 0.0, m13: 0.0, m21: 0.0, m22: 0.0, m23: 0.0, m31: 0.0, m32: 0.0, m33: 0.0)

47
8621.250695208
normal
simd_float4x4([[-0.016237395, -0.99985325, -0.0054673497, 0.0], [0.9936003, -0.016746668, 0.11170484, 0.0], [-0.11178, -0.0036185647, 0.9937265, 0.0], [0.005892596, 0.009684178, 0.024519676, 1.0000001]])
0.005892596, 0.009684178, 0.024519676
SIMD3<Float>(0.0036185726, -0.11201482, -1.5875438)
0.00000000
CMRotationMatrix(m11: 0.0, m12: 0.0, m13: 0.0, m21: 0.0, m22: 0.0, m23: 0.0, m31: 0.0, m32: 0.0, m33: 0.0)
