ARKit Data

1
11342.123527583
normal
simd_float4x4([[0.0091936635, -0.9998326, -0.015818054, 0.0], [0.99981064, 0.008919814, 0.017296674, 0.0], [-0.017152686, -0.015974076, 0.9997253, 0.0], [-0.0044041807, -0.0006334968, 0.0012837285, 1.0]])
-0.0044041807, -0.0006334968, 0.0012837285
SIMD3<Float>(0.015974756, -0.017155716, -1.5618752)
0.00000000
CMRotationMatrix(m11: 0.0, m12: 0.0, m13: 0.0, m21: 0.0, m22: 0.0, m23: 0.0, m31: 0.0, m32: 0.0, m33: 0.0)

2
11343.140071291
normal
simd_float4x4([[-0.010047721, -0.9998814, -0.011673128, 0.0], [0.9999448, -0.010010947, -0.0032043515, 0.0], [0.0030871127, -0.01170468, 0.99992687, 0.0], [-0.036897097, 0.0038936064, 0.016411282, 1.0]])
-0.036897097, 0.0038936064, 0.016411282
SIMD3<Float>(0.011704947, 0.0030873287, -1.5808082)
0.00000000
CMRotationMatrix(m11: 0.0, m12: 0.0, m13: 0.0, m21: 0.0, m22: 0.0, m23: 0.0, m31: 0.0, m32: 0.0, m33: 0.0)

3
11344.156615333
normal
simd_float4x4([[-0.009372847, -0.9999129, 0.009286142, 0.0], [0.9998659, -0.009246831, 0.013521605, 0.0], [-0.013434561, 0.009411631, 0.99986553, 0.0], [-0.011759388, -0.0005955598, 0.022717677, 0.99999994]])
-0.011759388, -0.0005955598, 0.022717677
SIMD3<Float>(-0.00941177, -0.013435559, -1.5800437)
0.00000000
CMRotationMatrix(m11: 0.0, m12: 0.0, m13: 0.0, m21: 0.0, m22: 0.0, m23: 0.0, m31: 0.0, m32: 0.0, m33: 0.0)

4
11345.173159416
normal
simd_float4x4([[0.002333975, -0.99978673, 0.020518143, 0.0], [0.99921536, 0.0015204044, -0.039577823, 0.0], [0.03953819, 0.020594416, 0.99900585, 0.0], [0.087629795, -0.007953607, 0.04104072, 1.0]])
0.087629795, -0.007953607, 0.04104072
SIMD3<Float>(-0.020595873, 0.03955689, -1.5692756)
0.00000000
CMRotationMatrix(m11: 0.0, m12: 0.0, m13: 0.0, m21: 0.0, m22: 0.0, m23: 0.0, m31: 0.0, m32: 0.0, m33: 0.0)

5
11346.189703708
normal
simd_float4x4([[-0.0020690726, -0.9996716, 0.025543455, 0.0], [0.9969606, -0.004051466, -0.07780278, 0.0], [0.07788072, 0.025304837, 0.9966415, 0.0], [0.11010932, -0.03909208, 0.039587438, 1.0]])
0.11010932, -0.03909208, 0.039587438
SIMD3<Float>(-0.025307538, 0.07798468, -1.5748491)
0.00000000
CMRotationMatrix(m11: 0.0, m12: 0.0, m13: 0.0, m21: 0.0, m22: 0.0, m23: 0.0, m31: 0.0, m32: 0.0, m33: 0.0)

6
11347.20624825
normal
simd_float4x4([[0.05763072, -0.99776375, 0.033856723, 0.0], [0.98823065, 0.052200947, -0.14378914, 0.0], [0.14170025, 0.04174492, 0.989029, 0.0], [-0.041428126, -0.025072034, 0.0214617, 1.0]])
-0.041428126, -0.025072034, 0.0214617
SIMD3<Float>(-0.041757055, 0.14230369, -1.5185261)
0.00000000
CMRotationMatrix(m11: 0.0, m12: 0.0, m13: 0.0, m21: 0.0, m22: 0.0, m23: 0.0, m31: 0.0, m32: 0.0, m33: 0.0)

7
11348.222792875
normal
simd_float4x4([[-0.10252954, -0.9920649, 0.07276666, 0.0], [0.98493624, -0.11148789, -0.1321784, 0.0], [0.13924213, 0.058118332, 0.98855144, 0.0], [-0.09566122, -0.025872216, 0.012120179, 0.99999994]])
-0.09566122, -0.025872216, 0.012120179
SIMD3<Float>(-0.0581511, 0.13993412, -1.6827065)
0.00000000
CMRotationMatrix(m11: 0.0, m12: 0.0, m13: 0.0, m21: 0.0, m22: 0.0, m23: 0.0, m31: 0.0, m32: 0.0, m33: 0.0)

8
11349.239337458
normal
simd_float4x4([[-0.022235831, -0.99696654, 0.07458713, 0.0], [0.9956788, -0.028811848, -0.088282034, 0.0], [0.09016323, 0.07230179, 0.993299, 0.0], [0.053651292, -0.02062874, 0.022336826, 1.0]])
0.053651292, -0.02062874, 0.022336826
SIMD3<Float>(-0.072364934, 0.090523414, -1.5996878)
0.00000000
CMRotationMatrix(m11: 0.0, m12: 0.0, m13: 0.0, m21: 0.0, m22: 0.0, m23: 0.0, m31: 0.0, m32: 0.0, m33: 0.0)

9
11350.255882333
normal
simd_float4x4([[-6.776013e-05, -0.9913446, 0.13128549, 0.0], [0.9998214, -0.0025479652, -0.018723799, 0.0], [0.01889625, 0.13126078, 0.9911678, 0.0], [0.051505942, -0.025538582, -0.0028139055, 1.0]])
0.051505942, -0.025538582, -0.0028139055
SIMD3<Float>(-0.13164066, 0.019062323, -1.5733665)
0.00000000
CMRotationMatrix(m11: 0.0, m12: 0.0, m13: 0.0, m21: 0.0, m22: 0.0, m23: 0.0, m31: 0.0, m32: 0.0, m33: 0.0)

10
11351.272427333
normal
simd_float4x4([[-0.002934466, -0.99981326, 0.019101758, 0.0], [0.99997634, -0.0030530784, -0.006183312, 0.0], [0.0062404764, 0.019083159, 0.9997985, 0.0], [-0.09278237, -0.022015037, 0.024298582, 1.0]])
-0.09278237, -0.022015037, 0.024298582
SIMD3<Float>(-0.019084318, 0.006241653, -1.5738499)
0.00000000
CMRotationMatrix(m11: 0.0, m12: 0.0, m13: 0.0, m21: 0.0, m22: 0.0, m23: 0.0, m31: 0.0, m32: 0.0, m33: 0.0)

11
11352.288972416
normal
simd_float4x4([[-0.07289181, -0.99672204, -0.03509832, 0.0], [0.9953219, -0.07046167, -0.06610291, 0.0], [0.06341314, -0.039752483, 0.9971954, 0.0], [0.05479464, -0.013260163, 0.048078343, 1.0]])
0.05479464, -0.013260163, 0.048078343
SIMD3<Float>(0.03976296, 0.06350598, -1.6413723)
0.00000000
CMRotationMatrix(m11: 0.0, m12: 0.0, m13: 0.0, m21: 0.0, m22: 0.0, m23: 0.0, m31: 0.0, m32: 0.0, m33: 0.0)

12
11353.305517541
normal
simd_float4x4([[-0.009379673, -0.99833304, 0.056948457, 0.0], [0.9976058, -0.013244781, -0.067876935, 0.0], [0.06851806, 0.05617544, 0.9960671, 0.0], [0.12534335, -0.043432057, 0.029086526, 1.0]])
0.12534335, -0.043432057, 0.029086526
SIMD3<Float>(-0.056205027, 0.068680406, -1.5840625)
0.00000000
CMRotationMatrix(m11: 0.0, m12: 0.0, m13: 0.0, m21: 0.0, m22: 0.0, m23: 0.0, m31: 0.0, m32: 0.0, m33: 0.0)

13
11354.322063083
normal
simd_float4x4([[-0.021925684, -0.9973133, 0.06989585, 0.0], [0.9899253, -0.031438798, -0.1380561, 0.0], [0.13988262, 0.06616469, 0.98795503, 0.0], [-0.0036292737, -0.034436654, 0.015120344, 1.0]])
-0.0036292737, -0.034436654, 0.015120344
SIMD3<Float>(-0.06621306, 0.14065312, -1.6023093)
0.00000000
CMRotationMatrix(m11: 0.0, m12: 0.0, m13: 0.0, m21: 0.0, m22: 0.0, m23: 0.0, m31: 0.0, m32: 0.0, m33: 0.0)

14
11355.3386085
normal
simd_float4x4([[-0.008447513, -0.99769986, 0.067257054, 0.0], [0.9949676, -0.015101773, -0.09905336, 0.0], [0.09984124, 0.06608182, 0.9928066, 0.0], [-0.016053, -0.0331828, 0.0032283077, 1.0]])
-0.016053, -0.0331828, 0.0032283077
SIMD3<Float>(-0.06613001, 0.10022767, -1.5859318)
0.00000000
CMRotationMatrix(m11: 0.0, m12: 0.0, m13: 0.0, m21: 0.0, m22: 0.0, m23: 0.0, m31: 0.0, m32: 0.0, m33: 0.0)

15
11356.355154
normal
simd_float4x4([[-0.026295329, -0.9971766, 0.07033693, 0.0], [0.99862975, -0.02301853, 0.04699886, 0.0], [-0.045247108, 0.07147639, 0.9964155, 0.0], [0.00871414, -0.03919071, 0.006135491, 0.99999994]])
0.00871414, -0.03919071, 0.006135491
SIMD3<Float>(-0.07153739, -0.045378707, -1.5938759)
0.00000000
CMRotationMatrix(m11: 0.0, m12: 0.0, m13: 0.0, m21: 0.0, m22: 0.0, m23: 0.0, m31: 0.0, m32: 0.0, m33: 0.0)
