ARKit Data

1
11451.228613958
normal
simd_float4x4([[-0.026021244, -0.9890946, 0.14496447, 0.0], [0.999658, -0.025367929, 0.006353722, 0.0], [-0.0026069847, 0.14508022, 0.9894164, 0.0], [0.0016437657, -0.0023572035, 0.00044820108, 1.0]])
0.0016437657, -0.0023572035, 0.00044820108
SIMD3<Float>(-0.14559406, -0.002634865, -1.5964383)
0.00000000
CMRotationMatrix(m11: 0.0, m12: 0.0, m13: 0.0, m21: 0.0, m22: 0.0, m23: 0.0, m31: 0.0, m32: 0.0, m33: 0.0)

2
11452.245159791
normal
simd_float4x4([[-0.022281768, -0.9878132, 0.15404086, 0.0], [0.99975157, -0.021935953, 0.003944467, 0.0], [-0.00051736465, 0.15409048, 0.9880566, 0.0], [-0.0072881826, -0.0001744863, 0.0035301242, 0.99999994]])
-0.0072881826, -0.0001744863, 0.0035301242
SIMD3<Float>(-0.15470687, -0.00052361836, -1.5929992)
0.00000000
CMRotationMatrix(m11: 0.0, m12: 0.0, m13: 0.0, m21: 0.0, m22: 0.0, m23: 0.0, m31: 0.0, m32: 0.0, m33: 0.0)

3
11453.261705875
normal
simd_float4x4([[-0.019094612, -0.98924226, 0.14503497, 0.0], [0.99564666, -0.032050382, -0.08752443, 0.0], [0.091231294, 0.14273234, 0.9855477, 0.0], [-0.09923053, 0.0014340978, 0.01682856, 0.99999994]])
-0.09923053, 0.0014340978, 0.01682856
SIMD3<Float>(-0.14322147, 0.09230607, -1.6031839)
0.00000000
CMRotationMatrix(m11: 0.0, m12: 0.0, m13: 0.0, m21: 0.0, m22: 0.0, m23: 0.0, m31: 0.0, m32: 0.0, m33: 0.0)

4
11454.278252208
normal
simd_float4x4([[-0.030246962, -0.9860323, 0.16378462, 0.0], [0.99803966, -0.038775183, -0.049124986, 0.0], [0.054789603, 0.1619777, 0.98527217, 0.0], [0.084893905, 0.005706582, -0.00026097335, 1.0]])
0.084893905, 0.005706582, -0.00026097335
SIMD3<Float>(-0.16269448, 0.055551384, -1.6101005)
0.00000000
CMRotationMatrix(m11: 0.0, m12: 0.0, m13: 0.0, m21: 0.0, m22: 0.0, m23: 0.0, m31: 0.0, m32: 0.0, m33: 0.0)

5
11455.294798458
normal
simd_float4x4([[-0.03826435, -0.9814601, 0.18780795, 0.0], [0.99891925, -0.03260653, 0.03312417, 0.0], [-0.026386287, 0.18887244, 0.9816471, 0.0], [0.20471337, -0.006607283, 0.020462044, 1.0]])
0.20471337, -0.006607283, 0.020462044
SIMD3<Float>(-0.1900138, -0.026873136, -1.6040065)
0.00000000
CMRotationMatrix(m11: 0.0, m12: 0.0, m13: 0.0, m21: 0.0, m22: 0.0, m23: 0.0, m31: 0.0, m32: 0.0, m33: 0.0)

6
11456.311345
normal
simd_float4x4([[0.019528573, -0.98922193, 0.14511588, 0.0], [0.9988296, 0.02572692, 0.04095979, 0.0], [-0.04425171, 0.14414614, 0.98856646, 0.0], [0.28350985, 0.00025562829, 0.04022384, 0.99999994]])
0.28350985, 0.00025562829, 0.04022384
SIMD3<Float>(-0.14465006, -0.044733655, -1.5447949)
0.00000000
CMRotationMatrix(m11: 0.0, m12: 0.0, m13: 0.0, m21: 0.0, m22: 0.0, m23: 0.0, m31: 0.0, m32: 0.0, m33: 0.0)

7
11457.327891625
normal
simd_float4x4([[-0.008014091, -0.9886675, 0.1499079, 0.0], [0.99956113, -0.003644803, 0.02939856, 0.0], [-0.028519014, 0.15007772, 0.9882629, 0.0], [0.4134993, 0.00031193718, 0.029231032, 1.0]])
0.4134993, 0.00031193718, 0.029231032
SIMD3<Float>(-0.15064688, -0.028849714, -1.5744829)
0.00000000
CMRotationMatrix(m11: 0.0, m12: 0.0, m13: 0.0, m21: 0.0, m22: 0.0, m23: 0.0, m31: 0.0, m32: 0.0, m33: 0.0)

8
11458.34443825
normal
simd_float4x4([[-0.021960957, -0.9803693, 0.19594292, 0.0], [0.9947062, -0.001746758, 0.10274539, 0.0], [-0.10038617, 0.197162, 0.9752178, 0.0], [0.38273814, -0.0049172603, 0.04654075, 1.0]])
0.38273814, -0.0049172603, 0.04654075
SIMD3<Float>(-0.19846225, -0.1025759, -1.5725781)
0.00000000
CMRotationMatrix(m11: 0.0, m12: 0.0, m13: 0.0, m21: 0.0, m22: 0.0, m23: 0.0, m31: 0.0, m32: 0.0, m33: 0.0)

9
11459.360985083
normal
simd_float4x4([[0.0076596234, -0.98289907, 0.18398593, 0.0], [0.998009, 0.019033108, 0.06013094, 0.0], [-0.06260447, 0.18315905, 0.98108786, 0.0], [0.50349957, -0.0028273214, 0.049730986, 0.99999994]])
0.50349957, -0.0028273214, 0.049730986
SIMD3<Float>(-0.18419892, -0.06372488, -1.5514345)
0.00000000
CMRotationMatrix(m11: 0.0, m12: 0.0, m13: 0.0, m21: 0.0, m22: 0.0, m23: 0.0, m31: 0.0, m32: 0.0, m33: 0.0)

10
11460.377531916
normal
simd_float4x4([[-0.025452508, -0.982105, 0.18660596, 0.0], [0.99555033, -0.007960557, 0.093893826, 0.0], [-0.090728134, 0.18816547, 0.9779376, 0.0], [0.52060336, 0.0042556194, 0.06395193, 0.9999998]])
0.52060336, 0.0042556194, 0.06395193
SIMD3<Float>(-0.18929392, -0.092510164, -1.5789018)
0.00000000
CMRotationMatrix(m11: 0.0, m12: 0.0, m13: 0.0, m21: 0.0, m22: 0.0, m23: 0.0, m31: 0.0, m32: 0.0, m33: 0.0)

11
11461.394079083
normal
simd_float4x4([[-0.0062825195, -0.9877955, 0.15562968, 0.0], [0.9991555, 0.00011853463, 0.04108665, 0.0], [-0.040603653, 0.15575638, 0.98696065, 0.0], [0.5758972, 0.019591022, 0.065996855, 1.0]])
0.5758972, 0.019591022, 0.065996855
SIMD3<Float>(-0.15639314, -0.04111691, -1.5706763)
0.00000000
CMRotationMatrix(m11: 0.0, m12: 0.0, m13: 0.0, m21: 0.0, m22: 0.0, m23: 0.0, m31: 0.0, m32: 0.0, m33: 0.0)

12
11462.410626208
normal
simd_float4x4([[0.014790526, -0.98779637, 0.15504712, 0.0], [0.9998906, 0.014621584, -0.0022300323, 0.0], [-6.421659e-05, 0.15506315, 0.98790455, 0.0], [0.648205, 0.013199691, 0.05694265, 1.0]])
0.648205, 0.013199691, 0.05694265
SIMD3<Float>(-0.15569139, -6.500283e-05, -1.5559952)
0.00000000
CMRotationMatrix(m11: 0.0, m12: 0.0, m13: 0.0, m21: 0.0, m22: 0.0, m23: 0.0, m31: 0.0, m32: 0.0, m33: 0.0)

13
11463.427173416
normal
simd_float4x4([[0.04050746, -0.98562145, 0.16404141, 0.0], [0.99814755, 0.03245799, -0.051457327, 0.0], [0.04539299, 0.16582197, 0.98511046, 0.0], [0.6486233, 0.006162055, 0.061645105, 1.0]])
0.6486233, 0.006162055, 0.061645105
SIMD3<Float>(-0.16659147, 0.046046514, -1.5378767)
0.00000000
CMRotationMatrix(m11: 0.0, m12: 0.0, m13: 0.0, m21: 0.0, m22: 0.0, m23: 0.0, m31: 0.0, m32: 0.0, m33: 0.0)

14
11464.443720833
normal
simd_float4x4([[0.0029326142, -0.97836876, 0.20684746, 0.0], [0.99971014, 0.0078112236, 0.022772789, 0.0], [-0.023895917, 0.20672072, 0.9781081, 0.0], [0.5130835, -0.008091917, 0.06470506, 1.0000001]])
0.5130835, -0.008091917, 0.06470506
SIMD3<Float>(-0.20822209, -0.024425894, -1.5628126)
0.00000000
CMRotationMatrix(m11: 0.0, m12: 0.0, m13: 0.0, m21: 0.0, m22: 0.0, m23: 0.0, m31: 0.0, m32: 0.0, m33: 0.0)

15
11465.460268125
normal
simd_float4x4([[-0.007942558, -0.97797745, 0.2085593, 0.0], [0.9992281, 0.00026190537, 0.039281704, 0.0], [-0.038471244, 0.20871031, 0.97722054, 0.0], [0.32898965, -0.013782951, 0.042869847, 0.99999994]])
0.32898965, -0.013782951, 0.042869847
SIMD3<Float>(-0.21025604, -0.03934771, -1.5705285)
0.00000000
CMRotationMatrix(m11: 0.0, m12: 0.0, m13: 0.0, m21: 0.0, m22: 0.0, m23: 0.0, m31: 0.0, m32: 0.0, m33: 0.0)

16
11466.476815666
normal
simd_float4x4([[0.050074726, -0.97989994, 0.19310288, 0.0], [0.9964823, 0.0360096, -0.075673506, 0.0], [0.0671989, 0.19621293, 0.9782561, 0.0], [0.20761926, 0.011127444, 0.07182257, 1.0000001]])
0.20761926, 0.011127444, 0.07182257
SIMD3<Float>(-0.19749427, 0.06858481, -1.5340647)
0.00000000
CMRotationMatrix(m11: 0.0, m12: 0.0, m13: 0.0, m21: 0.0, m22: 0.0, m23: 0.0, m31: 0.0, m32: 0.0, m33: 0.0)

17
11467.493363083
normal
simd_float4x4([[-0.010502221, -0.9809251, 0.19410235, 0.0], [0.9998065, -0.0070721833, 0.018355822, 0.0], [-0.016632961, 0.19425754, 0.9808096, 0.0], [-0.036093235, 0.014162991, 0.052563153, 1.0]])
-0.036093235, 0.014162991, 0.052563153
SIMD3<Float>(-0.19550052, -0.016956775, -1.5780059)
0.00000000
CMRotationMatrix(m11: 0.0, m12: 0.0, m13: 0.0, m21: 0.0, m22: 0.0, m23: 0.0, m31: 0.0, m32: 0.0, m33: 0.0)

18
11468.50991075
normal
simd_float4x4([[0.0008239906, -0.9686299, 0.24850644, 0.0], [0.99998873, -0.00036546416, -0.0047402424, 0.0], [0.0046823607, 0.24850753, 0.96861863, 0.0], [-0.17509641, -0.010046825, -0.005313768, 1.0]])
-0.17509641, -0.010046825, -0.005313768
SIMD3<Float>(-0.25113913, 0.0048340224, -1.5711737)
0.00000000
CMRotationMatrix(m11: 0.0, m12: 0.0, m13: 0.0, m21: 0.0, m22: 0.0, m23: 0.0, m31: 0.0, m32: 0.0, m33: 0.0)

19
11469.5264585
normal
simd_float4x4([[0.023787165, -0.97583646, 0.21720345, 0.0], [0.9982468, 0.011406046, -0.058079287, 0.0], [0.054198463, 0.2182042, 0.97439694, 0.0], [-0.40370432, -0.0031528585, 0.009123258, 1.0]])
-0.40370432, -0.0031528585, 0.009123258
SIMD3<Float>(-0.21997395, 0.055565313, -1.5591084)
0.00000000
CMRotationMatrix(m11: 0.0, m12: 0.0, m13: 0.0, m21: 0.0, m22: 0.0, m23: 0.0, m31: 0.0, m32: 0.0, m33: 0.0)

20
11470.543006
normal
simd_float4x4([[0.040055733, -0.97644746, 0.2120043, 0.0], [0.9969901, 0.02496172, -0.07340115, 0.0], [0.06638038, 0.21430631, 0.97450835, 0.0], [-0.40587237, -0.0023067854, 0.009454409, 1.0]])
-0.40587237, -0.0023067854, 0.009454409
SIMD3<Float>(-0.21598159, 0.06801173, -1.5452381)
0.00000000
CMRotationMatrix(m11: 0.0, m12: 0.0, m13: 0.0, m21: 0.0, m22: 0.0, m23: 0.0, m31: 0.0, m32: 0.0, m33: 0.0)

21
11471.559553791
normal
simd_float4x4([[0.020122686, -0.9801966, 0.19700165, 0.0], [0.9994688, 0.014669731, -0.029100137, 0.0], [0.025633896, 0.1974826, 0.9799712, 0.0], [-0.37862706, 0.0042642467, 0.023392094, 1.0]])
-0.37862706, 0.0042642467, 0.023392094
SIMD3<Float>(-0.19878928, 0.026151843, -1.5558313)
0.00000000
CMRotationMatrix(m11: 0.0, m12: 0.0, m13: 0.0, m21: 0.0, m22: 0.0, m23: 0.0, m31: 0.0, m32: 0.0, m33: 0.0)
