ARKit Data

1
6694.033470166
normal
simd_float4x4([[-0.031437434, -0.98558795, 0.16621701, 0.0], [0.97989094, 0.0023927537, 0.19951944, 0.0], [-0.19704166, 0.16914694, 0.9656934, 0.0], [-0.0010796399, -0.00047116468, -0.0017548243, 0.99999994]])
-0.0010796399, -0.00047116468, -0.0017548243
SIMD3<Float>(-0.16996408, -0.2012787, -1.5683686)
0.00000000
CMRotationMatrix(m11: 0.0, m12: 0.0, m13: 0.0, m21: 0.0, m22: 0.0, m23: 0.0, m31: 0.0, m32: 0.0, m33: 0.0)

2
6695.050016208
normal
simd_float4x4([[-0.047141857, -0.9867213, 0.15543103, 0.0], [0.98048884, -0.015981592, 0.19592412, 0.0], [-0.19083846, 0.16163464, 0.96822256, 0.0], [-0.033010926, 0.008467911, -0.009314666, 1.0000001]])
-0.033010926, 0.008467911, -0.009314666
SIMD3<Float>(-0.16234685, -0.19460733, -1.5869915)
0.00000000
CMRotationMatrix(m11: 0.0, m12: 0.0, m13: 0.0, m21: 0.0, m22: 0.0, m23: 0.0, m31: 0.0, m32: 0.0, m33: 0.0)

3
6696.066562625
normal
simd_float4x4([[-0.038001016, -0.97914064, 0.19959804, 0.0], [0.99067444, -0.010760913, 0.13582392, 0.0], [-0.13084288, 0.20289816, 0.97041863, 0.0], [-0.123148665, 0.0064354977, -0.021276781, 0.99999994]])
-0.123148665, 0.0064354977, -0.021276781
SIMD3<Float>(-0.20431674, -0.13402312, -1.581786)
0.00000000
CMRotationMatrix(m11: 0.0, m12: 0.0, m13: 0.0, m21: 0.0, m22: 0.0, m23: 0.0, m31: 0.0, m32: 0.0, m33: 0.0)

4
6697.083109125
normal
simd_float4x4([[-0.061181292, -0.9891498, 0.13356464, 0.0], [0.9570365, -0.020135311, 0.28926736, 0.0], [-0.2834394, 0.145524, 0.9478843, 0.0], [-0.3447313, 0.012507665, -0.02303947, 0.99999994]])
-0.3447313, 0.012507665, -0.02303947
SIMD3<Float>(-0.14604259, -0.2905604, -1.5911497)
0.00000000
CMRotationMatrix(m11: 0.0, m12: 0.0, m13: 0.0, m21: 0.0, m22: 0.0, m23: 0.0, m31: 0.0, m32: 0.0, m33: 0.0)

5
6698.099655583
normal
simd_float4x4([[-0.06649138, -0.9854406, 0.15647936, 0.0], [0.9913787, -0.047501557, 0.12211314, 0.0], [-0.11290222, 0.1632498, 0.9801032, 0.0], [-0.4881968, 0.028631497, -0.04602319, 1.0]])
-0.4881968, 0.028631497, -0.04602319
SIMD3<Float>(-0.16398376, -0.1146887, -1.6189624)
0.00000000
CMRotationMatrix(m11: 0.0, m12: 0.0, m13: 0.0, m21: 0.0, m22: 0.0, m23: 0.0, m31: 0.0, m32: 0.0, m33: 0.0)

6
6699.116202041
normal
simd_float4x4([[-0.04171269, -0.9760614, 0.21345772, 0.0], [0.9878638, -0.008297689, 0.15510052, 0.0], [-0.14961642, 0.21733685, 0.9645618, 0.0], [-0.5351979, 6.108955e-05, -0.053225566, 1.0000001]])
-0.5351979, 6.108955e-05, -0.053225566
SIMD3<Float>(-0.21908528, -0.15388699, -1.5792973)
0.00000000
CMRotationMatrix(m11: 0.0, m12: 0.0, m13: 0.0, m21: 0.0, m22: 0.0, m23: 0.0, m31: 0.0, m32: 0.0, m33: 0.0)

7
6700.132748666
normal
simd_float4x4([[-0.00014162353, -0.9754165, 0.22036928, 0.0], [0.99900436, 0.009693018, 0.043546043, 0.0], [-0.04461157, 0.22015606, 0.9744439, 0.0], [-0.25023407, -0.0034961142, -0.012152407, 1.0]])
-0.25023407, -0.0034961142, -0.012152407
SIMD3<Float>(-0.22197445, -0.045749623, -1.5608593)
0.00000000
CMRotationMatrix(m11: 0.0, m12: 0.0, m13: 0.0, m21: 0.0, m22: 0.0, m23: 0.0, m31: 0.0, m32: 0.0, m33: 0.0)

8
6701.149295583
normal
simd_float4x4([[-0.05298031, -0.96791553, 0.24562697, 0.0], [0.9974022, -0.039270174, 0.06038619, 0.0], [-0.04880292, 0.2481882, 0.9674817, 0.0], [-0.051328197, -0.013920238, 0.005818147, 1.0]])
-0.051328197, -0.013920238, 0.005818147
SIMD3<Float>(-0.2508095, -0.05040053, -1.611346)
0.00000000
CMRotationMatrix(m11: 0.0, m12: 0.0, m13: 0.0, m21: 0.0, m22: 0.0, m23: 0.0, m31: 0.0, m32: 0.0, m33: 0.0)

9
6702.165842333
normal
simd_float4x4([[0.0037067474, -0.9780835, 0.20817989, 0.0], [0.99916965, 0.012068936, 0.03891226, 0.0], [-0.04057197, 0.20786284, 0.9773161, 0.0], [0.26225445, -0.0044102157, 0.046613988, 0.99999994]])
0.26225445, -0.0044102157, 0.046613988
SIMD3<Float>(-0.20938957, -0.04148984, -1.5584576)
0.00000000
CMRotationMatrix(m11: 0.0, m12: 0.0, m13: 0.0, m21: 0.0, m22: 0.0, m23: 0.0, m31: 0.0, m32: 0.0, m33: 0.0)

10
6703.182389375
normal
simd_float4x4([[-0.07860025, -0.9695691, 0.2318573, 0.0], [0.98346114, -0.03734545, 0.17722669, 0.0], [-0.1631747, 0.24195276, 0.95646894, 0.0], [0.38953808, -0.0018103436, 0.054102834, 1.0000001]])
0.38953808, -0.0018103436, 0.054102834
SIMD3<Float>(-0.24437791, -0.16897437, -1.6092949)
0.00000000
CMRotationMatrix(m11: 0.0, m12: 0.0, m13: 0.0, m21: 0.0, m22: 0.0, m23: 0.0, m31: 0.0, m32: 0.0, m33: 0.0)

11
6704.19893625
normal
simd_float4x4([[-0.06251626, -0.9735823, 0.21961123, 0.0], [0.98222107, -0.02099079, 0.18655023, 0.0], [-0.1770122, 0.22736922, 0.95758545, 0.0], [0.56172526, -0.020027682, 0.062902465, 1.0]])
0.56172526, -0.020027682, 0.062902465
SIMD3<Float>(-0.22937529, -0.18278928, -1.5923533)
0.00000000
CMRotationMatrix(m11: 0.0, m12: 0.0, m13: 0.0, m21: 0.0, m22: 0.0, m23: 0.0, m31: 0.0, m32: 0.0, m33: 0.0)

12
6705.215483083
normal
simd_float4x4([[-0.07894269, -0.9829925, 0.16581212, 0.0], [0.97249854, -0.039378237, 0.22955583, 0.0], [-0.21912228, 0.17937382, 0.9590674, 0.0], [0.5837703, -0.039595194, 0.08995316, 1.0]])
0.5837703, -0.039595194, 0.08995316
SIMD3<Float>(-0.1803499, -0.22461888, -1.6108345)
0.00000000
CMRotationMatrix(m11: 0.0, m12: 0.0, m13: 0.0, m21: 0.0, m22: 0.0, m23: 0.0, m31: 0.0, m32: 0.0, m33: 0.0)
